$SPEC_ID:
No sample description was entered.
$SPEC_REM:
DET# 1
DETDESC# DESKTOP-LO9J119 MCB 337
AP# Maestro Version 5.35.01
$DATE_MEA:
01/26/2026 18:00:00
$MEAS_TIM:
53745 54212
$DATA:
0 8191
    7183
    7176
    7092
    6968
    7064
    6768
    6894
    6737
    6657
    6407
    6635
    6207
    6566
    6547
    6147
    6200
    6212
    6199
    6184
    6121
    6017
    5923
    5840
    5961
    5753
    5820
    5755
    5621
    5650
    5596
    5558
    5586
    5692
    5483
    5503
    5325
    5372
    5167
    5261
    5210
    5204
    5092
    5153
    5228
    5069
    5014
    5138
    4971
    4998
    4989
    4993
    4990
    4836
    4809
    4832
    4908
    4662
    4802
    4593
    4835
    4603
    4576
    4772
    4639
    4701
    4623
    4661
    4629
    4534
    4513
    4481
    4490
    4427
    4403
    4440
    4291
    4201
    4256
    4159
    4241
    4357
    4233
    4165
    4259
    4190
    4153
    4171
    3982
    4040
    4034
    4137
    4051
    4023
    4000
    3931
    3949
    3999
    3959
    3957
    3862
    3957
    3828
    3789
    3746
    3815
    3746
    3786
    3860
    3721
    3676
    3738
    3667
    3619
    3706
    3640
    3583
    3602
    3714
    3557
    3567
    3592
    3506
    3559
    3500
    3485
    3543
    3469
    3267
    3471
    3470
    3374
    3393
    3382
    3440
    3444
    3265
    3418
    3334
    3413
    3309
    3356
    3301
    3290
    3299
    3262
    3314
    3313
    3260
    3361
    3291
    3353
    3309
    3368
    3324
    3339
    3415
    3228
    3376
    3284
    3316
    3362
    3296
    3376
    3242
    3288
    3315
    3326
    3324
    3276
    3344
    3395
    3459
    3360
    3379
    3391
    3444
    3363
    3558
    3396
    3405
    3500
    3406
    3673
    3665
    3745
    3780
    3776
    3649
    3654
    3832
    3916
    4166
    4055
    3835
    3677
    3639
    3580
    3555
    3546
    3674
    3522
    3585
    3595
    3621
    3635
    3759
    3758
    3642
    3602
    3660
    3634
    3854
    3865
    3918
    3810
    3918
    3816
    3795
    3916
    3945
    4054
    4079
    4234
    4261
    4081
    4053
    3960
    3995
    4061
    3970
    4207
    4280
    4115
    4049
    4093
    4111
    4223
    4095
    4268
    4369
    4378
    4451
    4270
    4186
    4179
    4122
    4096
    4176
    4195
    4248
    4266
    4213
    4304
    4192
    4340
    4353
    4375
    4461
    4387
    4432
    4477
    4343
    4341
    4351
    4367
    4399
    4336
    4428
    4422
    4449
    4481
    4363
    4552
    4523
    4648
    4503
    4408
    4410
    4473
    4639
    4655
    4468
    4605
    4589
    4480
    4633
    4553
    4518
    4770
    4701
    4471
    4620
    4418
    4650
    4644
    4541
    4666
    4676
    4683
    4549
    4709
    4533
    4732
    4592
    4710
    4645
    4775
    4596
    4669
    4712
    4730
    4634
    4658
    4773
    4656
    4614
    4609
    4630
    4561
    4675
    4652
    4692
    4655
    4642
    4597
    4652
    4717
    4562
    4714
    4588
    4754
    4734
    4721
    4688
    4801
    4751
    4629
    4623
    4605
    4629
    4661
    4754
    4585
    4620
    4573
    4759
    4834
    4605
    4747
    4675
    4728
    4620
    4687
    4719
    4512
    4696
    4552
    4612
    4511
    4518
    4524
    4484
    4602
    4536
    4529
    4545
    4468
    4621
    4497
    4655
    4491
    4537
    4522
    4657
    4473
    4484
    4624
    4523
    4364
    4321
    4327
    4442
    4509
    4377
    4432
    4389
    4470
    4298
    4377
    4473
    4426
    4352
    4266
    4339
    4501
    4319
    4494
    4362
    4383
    4301
    4323
    4229
    4365
    4221
    4158
    4177
    4269
    4280
    4261
    4216
    4257
    4230
    4236
    4138
    4127
    4165
    4216
    4260
    4109
    4096
    4148
    4091
    4137
    4079
    4064
    4132
    4015
    4131
    3972
    4129
    4051
    3901
    3926
    4006
    4079
    4057
    3932
    3804
    4003
    3934
    3984
    3935
    3858
    3902
    3824
    3793
    3834
    3854
    3836
    3783
    3827
    3817
    3716
    3732
    3730
    3715
    3788
    3702
    3708
    3775
    3648
    3636
    3581
    3727
    3649
    3742
    3523
    3614
    3674
    3552
    3518
    3679
    3639
    3446
    3571
    3516
    3544
    3598
    3458
    3469
    3393
    3505
    3367
    3457
    3456
    3375
    3347
    3436
    3371
    3504
    3488
    3438
    3385
    3513
    3334
    3338
    3290
    3359
    3256
    3359
    3375
    3297
    3341
    3201
    3178
    3260
    3288
    3202
    3225
    3090
    3198
    3156
    3223
    3256
    3195
    3120
    3188
    3066
    3067
    3074
    3154
    3208
    3333
    3394
    3645
    3721
    3737
    3606
    3277
    3110
    2983
    3122
    3047
    2966
    3008
    3079
    3058
    2953
    2931
    2834
    2944
    2902
    2970
    2936
    2825
    2865
    2959
    2873
    2824
    2873
    2871
    2919
    2852
    2923
    2851
    2830
    2802
    2728
    2855
    2670
    2799
    2879
    2649
    2809
    2770
    2870
    2762
    2645
    2671
    2709
    2640
    2746
    2646
    2654
    2633
    2660
    2696
    2673
    2633
    2731
    2597
    2598
    2656
    2629
    2584
    2578
    2545
    2654
    2596
    2510
    2557
    2516
    2468
    2503
    2562
    2650
    2703
    2669
    2658
    2591
    2461
    2529
    2462
    2389
    2398
    2422
    2377
    2376
    2328
    2336
    2265
    2409
    2428
    2399
    2418
    2397
    2401
    2344
    2322
    2332
    2219
    2330
    2238
    2293
    2293
    2317
    2299
    2284
    2278
    2282
    2272
    2218
    2306
    2280
    2280
    2245
    2218
    2190
    2194
    2253
    2182
    2096
    2021
    2097
    2211
    2143
    2108
    2235
    2212
    2213
    2153
    2179
    2133
    2147
    2129
    2074
    2141
    2077
    2024
    2064
    1995
    2048
    2065
    2101
    1994
    2002
    2101
    2064
    2047
    1977
    2011
    2013
    2075
    1990
    2025
    2030
    1971
    2018
    1980
    2054
    1986
    2015
    2117
    2262
    2828
    3770
    4520
    4746
    4052
    3057
    2375
    2114
    2095
    2148
    2351
    2417
    2708
    2655
    2588
    2247
    1975
    1841
    1739
    1788
    1743
    1698
    1744
    1717
    1760
    1700
    1763
    1696
    1672
    1778
    1783
    1619
    1680
    1715
    1629
    1656
    1691
    1617
    1646
    1607
    1602
    1690
    1692
    1687
    1653
    1608
    1634
    1663
    1614
    1619
    1611
    1597
    1527
    1608
    1611
    1611
    1616
    1594
    1628
    1682
    1541
    1595
    1564
    1562
    1600
    1698
    1580
    1543
    1542
    1524
    1531
    1540
    1492
    1476
    1494
    1499
    1436
    1491
    1467
    1487
    1488
    1474
    1478
    1462
    1448
    1403
    1447
    1498
    1425
    1438
    1453
    1411
    1449
    1481
    1412
    1412
    1494
    1549
    1610
    1661
    1599
    1535
    1485
    1462
    1413
    1446
    1326
    1346
    1313
    1331
    1392
    1336
    1392
    1382
    1427
    1384
    1344
    1366
    1355
    1359
    1469
    1511
    1445
    1401
    1401
    1352
    1308
    1336
    1321
    1276
    1296
    1341
    1313
    1305
    1277
    1199
    1235
    1272
    1264
    1266
    1172
    1300
    1261
    1214
    1248
    1186
    1159
    1267
    1253
    1229
    1226
    1197
    1244
    1154
    1214
    1217
    1174
    1215
    1190
    1174
    1209
    1224
    1140
    1265
    1164
    1117
    1156
    1160
    1202
    1187
    1209
    1152
    1264
    1476
    2011
    2580
    3032
    2893
    2387
    1757
    1343
    1179
    1143
    1125
    1164
    1123
    1135
    1133
    1133
    1193
    1227
    1321
    1269
    1219
    1170
    1118
    1080
    1040
    1122
    1112
    1041
    1076
    1027
    1029
    1148
    1047
    1068
    1092
    1046
    1030
    1079
    1004
    1049
    1020
    1049
    1059
    1038
    1014
    1033
    1079
    1009
    1043
    1086
     948
    1060
    1040
    1055
    1066
     988
    1037
     946
    1025
     979
    1042
    1018
    1048
    1015
     959
     976
     998
    1022
     912
     985
     982
    1047
    1003
     990
     976
     948
    1049
     981
     959
     934
     932
    1016
     937
     997
     984
     988
     937
     933
     932
     977
     950
    1015
     887
     973
     959
     936
     959
     924
     925
     981
     953
     953
    1043
    1054
    1092
    1078
    1035
     948
     992
     960
     906
     934
     887
     866
     878
     878
     889
     864
     880
     860
     916
     875
     833
     869
     922
     915
     860
     903
     919
     887
     878
     960
     958
    1074
    1269
    1422
    1479
    1337
    1064
     989
     892
     863
     862
     802
     835
     887
     873
     839
     790
     839
     905
     816
     861
     841
     836
     771
     777
     783
     794
     817
     816
     764
     838
     799
     789
     815
     819
     785
     820
     824
     855
     857
     901
    1023
    1468
    2233
    3115
    3880
    3752
    2806
    1910
    1282
     912
     758
     743
     779
     736
     752
     710
     717
     806
     781
     735
     749
     775
     741
     777
     760
     749
     727
     701
     751
     713
     698
     693
     674
     719
     718
     694
     683
     737
     738
     743
     728
     726
     712
     735
     689
     714
     708
     703
     683
     680
     686
     744
     729
     730
     695
     696
     703
     705
     742
     677
     700
     654
     689
     679
     668
     725
     714
     642
     704
     647
     671
     671
     669
     640
     686
     711
     676
     678
     743
     717
     663
     661
     692
     687
     655
     636
     668
     694
     663
     636
     642
     660
     671
     667
     676
     592
     644
     659
     687
     647
     666
     658
     703
     671
     635
     611
     671
     660
     672
     646
     653
     694
     663
     632
     656
     632
     616
     652
     657
     669
     661
     621
     659
     650
     632
     634
     645
     674
     660
     636
     672
     646
     649
     646
     688
     665
     621
     624
     652
     636
     655
     626
     578
     619
     611
     637
     611
     617
     645
     638
     607
     621
     648
     636
     640
     588
     613
     624
     617
     605
     611
     576
     593
     606
     608
     640
     633
     603
     601
     609
     647
     617
     597
     631
     563
     635
     555
     625
     581
     618
     654
     700
     644
     655
     606
     595
     572
     560
     626
     604
     541
     622
     571
     606
     518
     540
     590
     558
     580
     576
     600
     572
     510
     609
     586
     506
     535
     550
     551
     587
     587
     560
     561
     541
     523
     546
     556
     517
     520
     539
     552
     586
     585
     569
     562
     575
     524
     574
     566
     499
     542
     585
     515
     557
     537
     520
     498
     517
     541
     513
     532
     515
     516
     514
     540
     510
     511
     570
     502
     471
     535
     519
     548
     542
     513
     517
     512
     508
     507
     509
     521
     518
     482
     481
     477
     497
     511
     510
     482
     530
     546
     541
     559
     526
     524
     490
     531
     466
     527
     515
     476
     488
     523
     508
     467
     472
     502
     463
     496
     496
     491
     452
     461
     474
     446
     506
     469
     478
     474
     507
     495
     456
     487
     520
     464
     465
     447
     457
     505
     477
     481
     485
     440
     471
     473
     476
     460
     464
     450
     462
     530
     508
     459
     442
     450
     445
     424
     463
     471
     445
     432
     457
     503
     466
     433
     435
     441
     454
     475
     460
     475
     459
     473
     526
     600
     603
     592
     591
     506
     493
     420
     451
     467
     464
     477
     488
     424
     456
     441
     420
     454
     451
     449
     444
     448
     455
     460
     431
     471
     410
     484
     418
     417
     394
     457
     445
     463
     444
     435
     455
     447
     447
     423
     385
     418
     441
     431
     437
     416
     410
     414
     395
     406
     419
     419
     453
     420
     400
     421
     428
     412
     430
     434
     416
     398
     426
     408
     408
     424
     443
     408
     420
     428
     365
     387
     436
     418
     434
     448
     424
     429
     410
     441
     429
     401
     430
     367
     401
     412
     409
     399
     429
     420
     372
     392
     393
     416
     375
     405
     359
     405
     380
     423
     371
     375
     387
     382
     389
     409
     382
     373
     406
     380
     377
     379
     388
     380
     376
     376
     365
     423
     379
     385
     329
     377
     400
     365
     415
     430
     390
     413
     356
     411
     407
     359
     380
     356
     393
     387
     358
     394
     406
     396
     382
     393
     454
     482
     482
     546
     642
     718
     817
     881
     763
     689
     589
     529
     469
     453
     418
     412
     390
     349
     381
     377
     346
     388
     357
     389
     345
     367
     383
     397
     368
     364
     375
     365
     338
     386
     333
     324
     345
     375
     351
     383
     347
     380
     374
     355
     366
     353
     356
     355
     350
     352
     345
     360
     351
     339
     329
     347
     343
     374
     369
     350
     365
     343
     347
     356
     341
     349
     314
     317
     324
     362
     354
     359
     323
     372
     370
     341
     367
     368
     354
     355
     331
     331
     352
     342
     326
     323
     321
     340
     341
     348
     355
     364
     317
     329
     318
     323
     345
     363
     319
     337
     369
     359
     344
     324
     329
     346
     345
     360
     359
     347
     370
     328
     365
     357
     401
     351
     352
     351
     323
     366
     323
     307
     361
     385
     323
     332
     325
     314
     340
     329
     325
     334
     327
     299
     335
     337
     340
     313
     359
     329
     325
     342
     333
     319
     335
     311
     313
     304
     298
     321
     328
     307
     296
     336
     324
     354
     364
     359
     328
     305
     320
     341
     311
     311
     362
     325
     333
     375
     287
     312
     321
     307
     323
     312
     275
     291
     294
     323
     296
     355
     281
     334
     285
     328
     343
     305
     311
     310
     322
     337
     312
     322
     348
     311
     321
     321
     361
     309
     332
     299
     301
     291
     319
     302
     333
     325
     304
     328
     329
     291
     332
     323
     284
     296
     278
     288
     309
     329
     297
     306
     325
     349
     295
     337
     350
     482
     678
     885
    1139
    1262
    1136
     893
     643
     464
     310
     308
     302
     299
     285
     280
     299
     280
     277
     281
     302
     294
     300
     289
     308
     290
     286
     286
     267
     287
     279
     288
     285
     300
     267
     260
     291
     271
     287
     267
     299
     285
     277
     267
     287
     254
     270
     283
     291
     293
     258
     272
     300
     282
     322
     279
     282
     292
     296
     300
     262
     289
     279
     279
     265
     255
     278
     240
     277
     278
     286
     282
     289
     277
     272
     304
     259
     274
     295
     334
     382
     624
     971
    1562
    2326
    2683
    2429
    1896
    1204
     726
     426
     298
     292
     261
     246
     254
     226
     255
     232
     275
     234
     247
     264
     262
     274
     241
     262
     241
     248
     257
     252
     234
     246
     251
     249
     245
     229
     255
     216
     229
     236
     259
     227
     264
     232
     274
     264
     239
     229
     271
     263
     244
     237
     251
     230
     245
     268
     273
     248
     286
     263
     254
     274
     257
     280
     266
     242
     237
     234
     249
     201
     243
     242
     245
     258
     238
     265
     244
     244
     234
     252
     273
     244
     252
     251
     217
     229
     258
     260
     249
     248
     242
     252
     264
     267
     254
     218
     231
     220
     255
     214
     240
     235
     236
     219
     234
     225
     221
     246
     202
     252
     203
     234
     253
     245
     252
     234
     232
     233
     256
     227
     253
     247
     242
     219
     220
     243
     252
     213
     225
     258
     227
     244
     228
     237
     229
     232
     239
     261
     216
     226
     238
     237
     243
     229
     256
     227
     229
     235
     224
     255
     245
     224
     227
     246
     252
     208
     245
     241
     222
     251
     233
     241
     220
     240
     221
     241
     229
     261
     246
     214
     234
     216
     216
     255
     242
     297
     267
     299
     292
     258
     238
     254
     248
     248
     206
     252
     231
     229
     240
     224
     240
     215
     230
     250
     229
     241
     237
     242
     235
     240
     217
     237
     222
     233
     235
     232
     250
     210
     226
     193
     213
     229
     232
     221
     224
     233
     231
     201
     209
     204
     215
     232
     223
     196
     230
     216
     217
     261
     220
     253
     238
     226
     238
     228
     220
     236
     202
     191
     215
     216
     203
     196
     246
     208
     219
     231
     239
     221
     206
     214
     245
     211
     226
     228
     206
     211
     213
     219
     229
     192
     195
     225
     212
     219
     209
     202
     237
     233
     189
     218
     232
     192
     208
     218
     226
     205
     195
     212
     265
     243
     221
     206
     213
     195
     222
     233
     228
     236
     209
     218
     249
     224
     223
     249
     218
     242
     206
     218
     213
     242
     212
     190
     207
     209
     221
     214
     209
     238
     209
     215
     228
     203
     191
     221
     223
     242
     245
     221
     231
     206
     211
     225
     221
     214
     200
     207
     214
     189
     189
     179
     198
     209
     208
     212
     212
     219
     176
     202
     220
     192
     203
     225
     218
     226
     253
     220
     199
     202
     212
     211
     208
     224
     242
     189
     210
     190
     196
     207
     195
     204
     202
     196
     212
     267
     323
     381
     367
     386
     353
     295
     268
     235
     205
     186
     204
     205
     212
     216
     195
     197
     205
     208
     223
     208
     187
     185
     192
     185
     213
     222
     207
     189
     188
     184
     189
     202
     184
     199
     171
     201
     178
     191
     193
     188
     221
     206
     178
     189
     182
     215
     214
     220
     206
     223
     221
     224
     205
     184
     196
     204
     171
     219
     195
     171
     186
     189
     189
     185
     197
     181
     182
     184
     187
     172
     192
     187
     177
     194
     201
     204
     208
     186
     175
     190
     190
     208
     224
     182
     197
     201
     183
     204
     219
     229
     197
     207
     208
     195
     167
     196
     184
     172
     197
     183
     207
     175
     168
     191
     154
     187
     196
     196
     197
     194
     199
     205
     171
     207
     181
     175
     238
     189
     150
     193
     182
     209
     213
     212
     207
     235
     299
     325
     385
     378
     367
     297
     244
     226
     186
     182
     200
     175
     223
     207
     208
     227
     221
     204
     181
     161
     172
     154
     172
     208
     167
     162
     203
     180
     182
     162
     187
     181
     166
     183
     184
     174
     181
     192
     184
     179
     177
     166
     171
     179
     170
     182
     212
     198
     173
     163
     162
     178
     191
     189
     254
     248
     281
     251
     207
     188
     186
     207
     167
     182
     205
     186
     186
     136
     181
     157
     167
     171
     171
     181
     180
     160
     168
     158
     160
     186
     200
     202
     250
     252
     265
     279
     244
     218
     203
     183
     195
     155
     179
     164
     185
     166
     134
     164
     163
     154
     162
     164
     167
     176
     138
     153
     142
     145
     159
     140
     190
     151
     164
     162
     155
     168
     193
     162
     208
     217
     203
     203
     162
     182
     138
     154
     162
     171
     163
     160
     169
     145
     149
     158
     168
     117
     174
     143
     183
     138
     205
     189
     169
     162
     155
     158
     131
     142
     154
     180
     167
     175
     138
     168
     168
     150
     171
     177
     160
     146
     147
     156
     159
     170
     174
     156
     149
     144
     168
     151
     190
     141
     153
     163
     162
     184
     158
     181
     147
     184
     185
     137
     147
     145
     167
     179
     139
     164
     157
     141
     174
     170
     168
     162
     192
     174
     190
     156
     171
     155
     155
     155
     168
     157
     144
     176
     155
     171
     177
     206
     180
     178
     177
     171
     155
     154
     153
     158
     173
     198
     177
     201
     187
     159
     197
     151
     170
     153
     161
     149
     156
     138
     152
     148
     167
     153
     160
     160
     147
     153
     147
     166
     167
     140
     151
     155
     157
     181
     159
     165
     122
     146
     163
     159
     168
     146
     163
     156
     128
     138
     126
     147
     176
     156
     135
     140
     155
     155
     142
     153
     156
     151
     139
     167
     156
     155
     154
     154
     148
     148
     153
     153
     185
     194
     226
     241
     258
     236
     186
     194
     178
     160
     124
     141
     123
     162
     162
     139
     150
     126
     137
     154
     161
     139
     167
     145
     148
     139
     153
     147
     147
     141
     141
     132
     158
     143
     141
     169
     169
     137
     169
     160
     119
     165
     152
     130
     123
     157
     151
     146
     163
     161
     136
     171
     170
     157
     135
     159
     151
     149
     136
     159
     159
     132
     154
     172
     144
     151
     156
     138
     132
     135
     148
     144
     133
     143
     127
     161
     140
     136
     134
     139
     144
     146
     141
     163
     152
     140
     154
     130
     150
     149
     157
     144
     163
     149
     141
     144
     162
     140
     148
     152
     125
     156
     138
     148
     133
     147
     159
     167
     152
     143
     127
     160
     152
     149
     150
     157
     157
     147
     152
     138
     125
     136
     143
     122
     139
     120
     122
     136
     139
     140
     153
     138
     141
     143
     143
     143
     145
     153
     151
     164
     151
     164
     159
     147
     146
     116
     162
     132
     149
     159
     137
     133
     155
     140
     175
     271
     386
     566
     695
     787
     765
     572
     416
     290
     185
     145
     131
     142
     134
     110
     142
     134
     148
     129
     149
     137
     127
     129
     138
     132
     138
     128
     142
     122
     116
     148
     117
     135
     124
     148
     140
     132
     139
     130
     133
     137
     144
     103
     120
     133
     121
     112
     139
     142
     134
     138
     127
     131
     117
     131
     145
     129
     130
     133
     134
     116
     137
     132
     144
     121
     132
     121
     131
     131
     136
     142
     188
     202
     234
     245
     227
     205
     190
     155
     147
     139
     106
     123
     109
     131
     133
     137
     112
     119
     145
     136
     128
     139
     112
     117
     125
     120
     136
     129
     149
     116
     131
     123
     140
     118
     137
     128
     131
     113
     117
     131
     113
     144
     119
     147
     125
     136
     128
     141
     121
     138
     143
     166
     126
     152
     149
     141
     130
     143
     138
     126
     146
     133
     125
     121
     134
     130
     121
     133
     124
     126
     137
     118
     136
     121
     137
     130
     134
     146
     109
     128
     122
     146
     135
     113
     108
     109
     128
     153
     127
     125
     143
     116
     143
     154
     169
     179
     220
     278
     263
     240
     197
     173
     138
     150
     146
     162
     183
     256
     374
     414
     503
     500
     442
     316
     221
     185
     131
     136
     121
     130
     120
     119
     124
     119
     111
     113
     122
     117
     136
     139
     115
     144
     125
     130
     126
     125
     130
     126
     131
     119
     127
     111
     123
     129
     120
     145
     132
     125
     111
     124
     121
     109
     109
     117
     103
      93
     142
     126
     104
     120
     135
     129
     103
     124
     127
     136
     115
     116
     119
     109
     107
     120
     112
     119
     111
     128
     132
     115
     130
     110
     123
     129
     110
     124
     118
     116
     109
     146
     135
     123
     106
     129
     131
     113
     107
     140
     108
     118
     111
     108
     114
     116
     119
     131
     128
     126
     117
     129
     133
     144
     148
     147
     122
     131
     112
     117
     122
     119
     120
     135
      95
      95
     120
     127
     110
     109
     132
     102
     111
     120
     124
     124
     117
     123
     113
     108
     123
     101
     120
     108
     120
     109
     107
     109
     117
     112
     122
     117
     122
     120
     117
     125
     125
     111
     122
     108
     107
     117
     105
      92
     120
     125
     116
     117
     107
     117
     137
     121
     105
     111
     129
     109
     105
     122
     130
     127
     131
     109
     123
     108
     135
      99
     131
     116
     140
     118
     107
     112
     105
     124
     128
     115
     116
     113
     118
     119
     114
     125
     131
     111
      99
     110
      91
     121
     123
     122
     108
     124
     133
     125
     109
      99
      93
     124
     103
     134
     103
     106
     124
     112
     129
     126
     120
      96
     118
     133
     109
     120
     114
     131
     116
     125
     120
     115
     113
     122
     101
     122
     105
     130
     122
      99
      93
     107
     112
     111
     105
     128
      99
     122
     116
     114
     116
     105
     105
     120
     106
     120
     119
     123
     117
      99
     105
     114
     112
     123
     139
     113
     121
      94
     136
     117
     112
     125
     109
     117
     105
     113
     119
     116
     116
     109
     104
     118
     121
     124
     113
      95
     105
     129
     106
     103
     116
     128
     106
     114
     112
     109
     112
     125
     114
     112
     111
     102
     113
      93
     107
     132
     112
     144
     110
     110
     104
     101
     110
     112
     116
     125
     101
     103
     120
     108
     108
      97
     110
      94
     121
     121
     111
     134
     118
     102
     109
     106
     113
     105
     122
     110
      96
     100
     116
     125
      94
     107
     125
     125
     119
     124
     129
     117
     126
     107
     107
     124
     127
     133
     120
     104
     101
      93
     114
     106
     107
     108
      98
     109
      97
     114
     120
     115
     107
     106
     107
      85
     117
     132
     117
      99
     117
     122
     139
     109
      88
     116
      99
      94
     133
     109
     103
     109
      87
     106
     134
     109
     104
     111
     112
      98
     123
     104
     111
     118
     107
     106
     113
      91
     101
     112
     100
     123
     115
     105
     102
     135
     109
     112
     107
     110
     106
      96
     116
     110
     104
     127
     115
     106
     117
     116
     108
     105
     116
     112
     114
     127
     103
     133
     109
     122
     120
     104
     123
     112
     104
     109
     127
     130
     118
     107
     120
     117
     114
     125
      93
     108
     106
     115
      92
     111
     132
     112
     100
     136
     119
     111
     114
     117
     100
     111
     124
     141
     175
     236
     327
     455
     604
     579
     607
     450
     330
     245
     173
     126
     121
     107
     118
     102
     108
     117
     101
     103
     106
      97
      98
      97
     110
     134
     119
     105
     122
     122
     118
     119
     108
     112
     100
     106
     112
     130
     110
      97
     121
     110
     110
      90
     129
     143
     125
     124
     135
     114
     104
     116
      93
     100
     113
     108
      81
     114
     113
     103
     118
     114
     108
     120
     100
     120
     100
     122
     118
     115
     120
     117
     115
     108
     119
      99
     117
     104
      94
     113
     103
      98
      88
      97
     105
     106
     113
     122
     108
     124
     115
     113
     123
      84
      98
     107
     111
      97
     124
     105
     118
     100
     109
      97
     123
     118
     116
     111
     110
     152
     143
     138
     175
     153
     150
     149
     129
     143
     107
     111
     105
     112
     117
      91
     117
     119
     118
     108
     118
     118
      87
     109
     113
      94
      93
      93
     113
     128
     120
     104
     129
      88
     111
     110
     122
      95
     114
     115
     109
      94
     110
     100
     105
     118
     120
      90
      90
     121
     106
     108
     114
     109
     104
      95
     118
     123
     118
     132
     128
     107
     104
     131
     115
     110
     105
     119
     127
     115
     112
     103
     121
     105
     115
     120
     110
     132
     109
     109
     113
     126
     122
     104
     113
     132
     127
     120
     112
     120
     125
     108
     120
      85
     111
     108
     125
     103
     108
     113
     113
     112
     106
     100
      94
     117
     123
     108
     124
     106
     115
     109
     114
     112
     121
     119
     101
     116
     103
     130
     119
      98
     114
     103
      98
     103
     123
     112
     102
     109
     129
      98
     108
     119
     114
     138
     111
     108
      99
     115
     100
     118
     123
     107
     117
      98
     111
      94
      85
     102
     103
     106
     114
     103
     104
     126
     123
     106
     121
     118
     102
     124
     123
     130
     132
     133
     142
     132
     145
     134
     120
     111
     118
     122
     133
     111
      99
     126
     124
     110
     136
     104
     130
     101
     109
     134
     108
     114
      98
     121
     129
     117
     114
     125
     113
     122
     119
     135
     119
     122
     121
     114
     118
     101
     117
     101
     147
     128
     131
     119
     121
     106
     119
     134
     119
     104
     121
     117
     141
     116
     120
     115
     119
     131
      99
     132
     107
     118
     102
     104
     112
     113
     121
     130
     133
     124
     126
     104
     111
     112
     112
      98
     100
     131
     112
     107
     127
     107
     119
      97
     124
     121
     134
     133
     141
     164
     220
     290
     283
     264
     269
     232
     198
     139
     126
     111
     100
     120
     115
      93
     112
     101
     108
      97
     108
      96
      92
      91
      97
      97
     106
     112
     120
      94
     121
     123
     105
      91
      94
      94
      90
      86
      99
      88
      90
      98
      86
      84
      80
      85
     109
      90
      89
      95
      89
      81
      95
      94
      83
      87
     105
      79
      83
      84
      91
      76
      96
      93
      76
      73
      81
      73
      95
      92
      80
      74
     101
      82
      89
      81
      86
      75
      83
      78
      76
      83
      83
      88
     103
      82
      74
      81
     105
      85
      83
      78
      77
      89
      80
      69
      73
      83
      75
      84
      65
      73
      87
      82
      86
      65
      92
      72
      88
     101
      78
      79
      81
      72
      77
      66
      76
      78
      67
      80
      98
      85
      76
      66
      72
      65
      72
      79
      75
      74
      61
      84
     102
      84
     111
      94
     122
     111
     101
     106
      95
      82
      71
      96
      74
      71
      72
      73
      74
      82
      82
      80
      80
      72
      65
      75
      71
      81
      98
      72
      72
      69
      76
      70
      87
      71
      90
      70
      85
      76
     102
      68
      54
      96
      74
      65
      89
      70
      76
      62
      58
      71
      69
      62
      72
      63
      68
      59
      76
      62
      68
      76
      68
      66
      73
      79
      82
      53
      75
      63
      83
      86
      68
      85
      69
      81
      78
      73
      74
      83
      83
      78
      60
      80
      51
      73
      74
      61
      73
      62
      63
      74
      76
      71
      69
      56
      71
      56
      80
      59
      66
      79
      47
      69
      59
      77
      51
      62
      60
      70
      56
      67
      77
      66
      77
      67
      62
      58
      71
      74
      76
      63
      51
      58
      68
      56
      54
      54
      65
      69
      65
      50
      59
      60
      62
      56
      76
      60
      65
      69
      66
      53
      56
      60
      62
      63
      53
      68
      57
      57
      68
      51
      53
      54
      65
      52
      53
      52
      67
      53
      69
      55
      73
      70
      83
      62
      61
      62
      66
      63
      65
      60
      57
      57
      51
      65
      52
      68
      68
      54
      57
      45
      52
      66
      66
      59
      49
      54
      50
      41
      64
      63
      43
      48
      57
      45
      64
      61
      59
      51
      69
      53
      66
      50
      46
      58
      54
      62
      52
      60
      57
      55
      60
      47
      48
      54
      39
      60
      53
      51
      52
      67
      44
      55
      66
      57
      66
      57
      52
      39
      37
      60
      54
      55
      52
      44
      48
      58
      41
      45
      48
      56
      56
      56
      44
      48
      50
      56
      46
      64
      49
      38
      49
      50
      49
      50
      53
      61
      56
      56
      43
      53
      56
      55
      50
      60
      52
      56
      45
      50
      48
      40
      58
      47
      49
      47
      43
      47
      47
      74
      57
      46
      62
      43
      50
      41
      48
      36
      55
      47
      44
      39
      49
      63
      42
      53
      48
      52
      64
      81
      96
     119
     170
     176
     161
     129
     104
      67
      75
      59
      52
      55
      52
      44
      42
      47
      42
      52
      54
      59
      52
      53
      48
      54
      55
      76
      66
      75
      64
      63
      62
      59
      42
      55
      55
      55
      71
      47
      37
      50
      46
      41
      48
      48
      45
      37
      46
      41
      48
      51
      50
      62
      47
      48
      51
      53
      52
      40
      37
      35
      39
      52
      46
      41
      45
      40
      38
      42
      47
      49
      44
      45
      59
      72
      62
      69
      92
      82
      65
      70
      64
      57
      37
      52
      39
      56
      44
      46
      42
      54
      62
      42
      61
      72
      82
      95
     119
     105
     110
      86
      56
      53
      57
      47
      50
      57
      41
      40
      41
      37
      45
      36
      41
      50
      45
      48
      38
      46
      61
      38
      41
      40
      31
      46
      46
      41
      56
      41
      45
      46
      43
      52
      34
      39
      43
      44
      37
      48
      34
      53
      55
      52
      46
      46
      47
      46
      42
      43
      51
      41
      54
      51
      37
      42
      42
      32
      52
      39
      48
      45
      46
      42
      45
      44
      51
      36
      45
      45
      58
      42
      38
      48
      37
      52
      42
      44
      51
      40
      35
      37
      49
      49
      41
      51
      44
      35
      45
      36
      41
      53
      39
      35
      46
      56
      49
      33
      37
      42
      42
      41
      49
      45
      47
      39
      46
      48
      39
      32
      38
      43
      28
      52
      32
      32
      32
      37
      37
      39
      40
      48
      58
      33
      41
      52
      42
      47
      24
      62
      43
      44
      47
      54
      49
      53
      57
      52
      44
      47
      45
      53
      40
      42
      44
      41
      50
      42
      53
      59
      65
      69
      67
      93
     183
     376
     593
    1100
    1563
    1975
    2375
    2320
    1952
    1492
     967
     552
     278
     143
      65
      60
      37
      30
      29
      30
      40
      38
      30
      42
      30
      27
      41
      35
      28
      37
      24
      40
      40
      39
      25
      37
      38
      31
      25
      40
      36
      36
      34
      38
      30
      27
      31
      38
      24
      35
      30
      29
      36
      30
      27
      26
      25
      41
      41
      40
      36
      28
      45
      30
      45
      31
      45
      38
      41
      34
      36
      33
      48
      30
      26
      34
      37
      30
      37
      31
      38
      34
      45
      32
      32
      24
      36
      44
      32
      37
      33
      44
      35
      34
      28
      28
      33
      24
      43
      33
      36
      35
      42
      39
      20
      30
      29
      38
      35
      36
      31
      34
      43
      53
      59
      70
      56
      50
      38
      36
      32
      38
      26
      34
      38
      24
      39
      42
      27
      49
      35
      47
      33
      43
      34
      31
      37
      36
      41
      35
      29
      26
      35
      36
      39
      27
      32
      26
      26
      34
      53
      51
      66
      82
      86
      99
      79
      79
      64
      58
      40
      46
      38
      35
      37
      37
      61
      47
      30
      35
      38
      24
      31
      29
      27
      25
      28
      37
      39
      41
      35
      30
      22
      33
      22
      39
      35
      31
      35
      32
      36
      31
      29
      42
      34
      37
      33
      34
      39
      34
      31
      23
      31
      33
      35
      24
      30
      37
      28
      36
      26
      34
      37
      25
      32
      43
      33
      27
      37
      38
      32
      24
      31
      28
      27
      45
      34
      31
      30
      34
      30
      22
      31
      28
      25
      32
      34
      35
      28
      26
      40
      28
      46
      40
      50
      44
      50
      49
      32
      31
      30
      28
      26
      23
      32
      23
      32
      33
      35
      24
      39
      39
      34
      45
      25
      35
      16
      28
      22
      27
      32
      28
      31
      21
      43
      25
      37
      21
      19
      28
      26
      25
      31
      31
      25
      27
      31
      26
      26
      33
      23
      22
      23
      33
      27
      23
      32
      26
      18
      19
      28
      34
      38
      25
      32
      23
      26
      29
      30
      30
      25
      31
      19
      22
      32
      26
      28
      33
      18
      32
      30
      24
      25
      21
      26
      28
      28
      25
      29
      21
      34
      21
      26
      26
      28
      35
      24
      23
      19
      32
      27
      19
      21
      27
      21
      29
      28
      22
      21
      20
      31
      27
      33
      28
      28
      28
      19
      29
      20
      20
      34
      34
      28
      18
      16
      28
      26
      25
      31
      29
      27
      27
      34
      37
      28
      46
      23
      40
      24
      42
      39
      40
      35
      47
      39
      37
      34
      30
      24
      23
      20
      40
      32
      50
      46
      76
      80
      82
      83
      62
      67
      39
      27
      31
      41
      36
      49
      62
      85
     105
     165
     117
     163
     134
      85
      66
      48
      32
      50
      35
      35
      26
      24
      29
      27
      18
      24
      27
      24
      30
      30
      37
      35
      37
      36
      33
      38
      28
      26
      29
      18
      14
      29
      23
      28
      29
      19
      23
      27
      27
      30
      21
      22
      25
      18
      23
      25
      22
      30
      30
      24
      21
      24
      23
      19
      24
      21
      25
      25
      18
      26
      24
      24
      24
      33
      26
      17
      18
      31
      31
      29
      19
      23
      29
      31
      37
      23
      30
      28
      19
      20
      20
      26
      30
      39
      40
      46
      46
      56
      40
      30
      36
      32
      30
      22
      16
      25
      24
      27
      29
      26
      31
      27
      24
      25
      24
      23
      26
      28
      25
      17
      22
      21
      30
      36
      33
      41
      59
      38
      49
      37
      27
      33
      16
      23
      16
      19
      23
      18
      34
      23
      15
      22
      16
      16
      23
      17
      29
      17
      30
      38
      37
      28
      31
      20
      25
      26
      22
      26
      21
      21
      25
      18
      23
      24
      23
      17
      23
      25
      26
      23
      16
      22
      25
      30
      17
      29
      17
      22
      10
      21
      17
      11
      23
      21
      24
      24
      18
      18
      23
      18
      28
      21
      25
      20
      25
      20
      27
      16
      23
      21
      18
      26
      16
      18
      20
      22
      26
      17
      22
      16
      22
      18
      20
      29
      15
      27
      33
      40
      41
      38
      48
      49
      55
      28
      25
      23
      23
      25
      22
      17
      18
      20
      20
      21
      16
      16
      15
      30
      12
      22
      16
      26
      17
      25
      18
      19
      17
      19
      18
      16
      21
      15
      23
      15
      24
      20
      19
      20
      23
      26
      19
      20
      21
      20
      18
      22
      17
      16
      22
      17
      25
      21
      23
      21
      25
      16
      23
      16
      15
      22
      17
      27
      23
      23
      16
      14
      21
      18
      30
      27
      28
      21
      39
      29
      15
      27
      17
      20
      22
      20
      16
      24
      22
      16
      26
      10
      26
      22
      16
      16
      21
      22
      25
      18
      23
      28
      27
      19
      21
      29
      22
      34
      31
      21
      22
      25
      22
      26
      15
      15
      14
      15
      18
      17
      20
      16
      17
      14
      18
      26
      15
      14
      24
      16
      11
      21
      12
      13
      18
      26
      15
      18
      21
      14
      24
      18
      21
      20
      16
      12
      24
      12
      19
      16
      26
      12
      22
      15
      12
      23
      18
      22
      21
      16
      23
      11
      18
      20
      20
      17
      12
      21
      15
      19
      21
      21
      18
      17
      17
      14
      12
      17
      21
      20
      11
      15
      21
      23
      14
      12
      24
      23
      18
      15
      24
      20
      21
      13
      12
      20
      16
      15
      16
      17
      24
      20
      20
      18
      20
      18
      14
      21
      18
      22
      24
      27
      39
      49
      61
      64
      90
      86
      82
      73
      46
      36
      29
      27
      16
      17
      24
      18
      19
      21
      19
      19
      20
      25
      13
      21
      15
      15
      20
      11
      16
      14
      14
      17
      20
      17
      14
      13
      11
      17
      22
      11
      17
      18
      24
       9
      24
      15
      19
      16
      20
      22
      26
      17
      14
      19
      16
      17
      17
      12
      13
      18
      20
      28
      19
      11
      12
      15
      21
      19
      23
      18
      20
      16
      19
      16
      20
      15
      13
      17
      21
      14
      20
      19
      20
      18
      17
      25
      13
      14
      13
      22
      13
      31
      19
      16
      14
      18
      27
      16
      27
      15
      19
      19
      18
      24
      21
      40
      63
     102
     158
     237
     332
     364
     416
     365
     295
     218
     131
      88
      35
      23
      25
      16
      20
      17
      17
      17
      20
      12
      19
      24
      20
      18
      19
      23
      10
      12
      12
      18
      16
      18
      16
      19
      17
       9
      15
      26
      13
      18
      21
      14
      14
      13
      12
      16
      10
      23
      12
      19
      19
      25
      16
      17
      18
      12
      20
      10
      18
      12
      15
      16
      14
      25
      13
      14
      15
      17
      11
      17
      17
      14
      13
      17
      20
      12
      18
      13
      14
      14
      18
      18
      13
      15
      13
      15
      16
      11
      13
      23
      12
      16
      12
      17
      25
      22
      20
      15
      12
      16
      20
      11
      18
      17
      11
      13
      17
      11
      18
      16
      18
       9
      19
      17
      22
       8
      23
      16
       8
      19
      20
      19
      14
      15
      15
      12
      14
      18
      14
      17
      20
      17
      18
      17
      12
      18
      16
      16
      15
      17
      15
      12
       9
      18
      17
      14
       9
      11
      22
      16
      13
      21
      14
      19
      15
      17
      10
      19
      13
      20
      14
      21
      13
      18
      20
      16
       8
      17
      14
      12
      16
      17
      12
      21
      17
      15
      16
      10
      12
       7
      16
      13
      13
      21
      24
      17
      12
      15
      13
      11
      16
      15
      16
      12
      21
      16
      21
      19
      27
      21
      15
      13
      16
      11
      17
      12
      22
      24
      22
      27
      13
      12
      17
      21
      19
      18
      17
      18
      19
      21
      15
      18
      12
      20
      17
      23
      12
      30
      23
      23
      24
      17
      25
      24
      18
      24
      20
      25
      17
      25
       9
      21
      19
      27
      17
      17
      14
      18
      11
      21
      18
      16
      29
      30
      34
      40
      46
      64
      58
      56
      45
      55
      34
      24
      29
      26
      14
      16
      22
      14
      14
      14
      13
      15
      16
      20
      15
      16
      15
      15
      10
       9
      13
      15
      10
      14
      17
      15
      11
      18
      17
      16
      19
      16
      10
      17
      15
      18
      16
      19
      13
      19
       7
      10
      16
      18
      14
      15
      14
      17
      13
      19
      16
      10
      24
      13
      25
      25
      22
      17
      20
      20
      13
      15
       8
      10
      13
      17
      14
      23
      24
      22
      12
      20
      23
      26
      19
      20
      26
      12
      25
      17
      32
      17
      17
      16
      25
      22
      13
      15
      29
      21
      13
      15
      17
      17
      16
      16
      18
      15
      20
      11
      10
      19
      15
      15
      11
      14
      16
      16
      19
      10
      22
      12
      24
      20
      20
      18
      17
      10
      19
      16
      13
      12
      13
      15
      20
      20
      17
      24
      22
       9
      21
      20
      13
      17
      23
      19
      15
      26
      13
      10
      11
       7
      20
      16
      22
      20
      19
      27
      13
      17
      18
      18
      16
      27
      18
      16
      19
      18
      13
       7
      15
      13
      21
      11
      20
      21
      15
      12
      16
       8
      17
      12
      11
      15
      19
      18
      20
      15
      19
      12
      16
      16
      18
      13
      21
      22
      10
      18
      18
       9
      19
      20
      13
      11
      12
      15
      17
      14
      18
      17
      21
      17
      15
      14
      14
      13
      25
      16
      14
      18
      18
      18
      11
      22
      15
      18
      19
      17
      15
      18
      14
       9
      17
      12
      14
      12
      18
      18
       8
      19
      12
      11
      21
      18
      13
      14
      17
      12
      14
      15
      13
      12
      20
      12
       9
      17
      14
      24
      11
      18
      23
      23
      12
      15
      10
      18
      12
      11
      19
      16
      20
      14
      22
      16
      19
      16
      16
      16
      25
      23
      24
      24
      13
      22
      14
      28
       7
      12
      19
      13
      11
      18
      16
      14
      15
      15
      14
      24
      23
      19
      15
      15
      18
      25
      14
      19
      15
      18
      18
      13
      17
      16
      19
      16
      13
      13
      21
      21
      16
      17
      21
      13
      21
      19
      17
      13
       9
      30
      13
       9
      16
      12
      18
      23
      21
      15
      14
      23
      20
      14
      13
      19
      14
      19
      20
      21
      18
      14
      13
      20
      24
      24
      20
      22
      13
      17
      15
      17
      12
      17
      12
      13
       8
      15
      17
      21
      14
      23
      15
      16
      17
      14
      16
      13
      14
       9
      15
      17
      20
      15
      11
       8
      16
      15
      20
      12
      13
      16
      16
      19
      13
      19
      15
      17
      14
      15
      12
      10
      13
       7
      16
      15
      14
      10
      16
      17
      14
      20
      16
      15
      17
      16
      12
      13
      10
      12
      16
      15
      10
      16
      14
      15
      15
      14
      18
      13
      13
      15
      16
       7
      19
      16
      18
      23
      15
      14
      10
      13
      10
      14
      19
      22
       6
      10
      14
      15
      18
      19
      19
      10
      14
      19
      20
      11
      11
      11
      12
      13
      11
      14
      13
      18
       8
      12
       9
      14
      13
      10
      19
      10
      13
      19
      15
      13
       8
      14
      15
      11
      13
       7
      15
      17
      14
      19
      17
      17
      14
      17
      15
      15
      15
       7
      21
      14
      15
      16
      19
      13
       6
      22
      12
      16
      15
      12
      15
      16
       7
      13
      10
      19
      17
       8
      14
      10
      14
      14
      14
       8
      10
      18
       9
      12
      17
      12
      16
      18
      25
      15
      15
      11
      13
      15
      16
      13
      17
      18
      16
      12
      15
      16
      13
      15
       9
      11
      14
      22
       9
      16
      11
      13
      16
      14
      19
      19
      15
      12
      12
       8
      10
      13
      15
      14
      10
      13
      20
      13
      18
      15
      14
      10
      12
      14
      18
      18
      15
      18
      12
      13
      13
      16
      14
      17
      14
       9
      16
       9
      13
      11
      10
      15
       9
      11
      18
      13
      16
      16
      18
       9
      14
      21
      11
      12
      26
      16
      16
      14
      16
      13
      17
      15
      14
       9
      11
      14
      13
      13
      14
       9
      11
      11
      16
      15
      17
      14
      20
      12
      15
      20
      11
      13
      18
      16
      11
      18
      17
      18
      11
      16
      13
      11
      15
      19
      11
      19
      16
      11
      13
      12
      10
       9
      18
      16
      12
      16
      10
      17
      16
      17
      11
      11
      18
      12
      14
      13
      11
      19
      11
       9
      13
      17
      15
      12
       7
      16
      14
       9
      11
      16
      20
      18
      13
      15
      12
      10
       7
      13
      15
      16
      12
      13
      10
      19
      21
      12
      14
      10
      17
      11
      12
      11
      17
      16
       6
      13
      10
      16
      11
      10
      10
      12
       7
       6
      16
      11
      14
      11
       9
      16
      14
      14
      13
       5
       8
      12
      12
       9
       6
       8
      18
      14
       9
       8
      21
      14
      14
      10
      10
      15
      13
      13
      21
      14
      14
      16
      12
      15
      18
      13
      13
      20
      13
      12
      11
      15
      11
       8
      14
      13
      11
      12
      14
      13
      14
      18
      11
      11
      14
      18
      10
      14
       7
      16
      11
      16
       9
       7
      17
      15
       6
      21
      15
      13
      12
      16
      22
      20
      35
      36
      46
      62
      65
      70
      60
      54
      53
      50
      44
      41
      36
      25
      25
      23
      15
      13
      16
      14
      12
      14
      13
      16
      18
      10
      11
      13
      13
      18
      13
      17
      16
      15
      19
       9
       8
      12
      17
      18
      14
      15
      17
       5
      17
      14
      10
      14
      20
      24
      27
      41
      34
      35
      40
      24
      25
      18
      16
      15
      10
      11
      16
      11
      19
      18
      10
      17
      25
      11
      10
      17
      13
      10
      14
      17
      12
       7
      12
      16
      11
      20
      11
      12
      11
       8
      12
       9
      12
      20
      10
      15
      13
      10
      11
      13
      17
      13
      16
      14
       9
      18
      17
      11
      17
      11
      17
      17
      11
      17
      19
      15
      14
      12
      16
       9
      14
      11
      16
      17
      17
      16
      12
      12
      13
      10
      13
      14
      13
      14
       8
      18
      16
      10
      14
      14
      14
      12
       7
      23
      12
      12
      17
       9
      11
      19
      13
      13
      15
      12
      10
      10
      18
      16
      13
      11
      12
      14
      15
      16
      10
      14
       9
      11
      16
      16
      14
      11
      11
       6
      13
      14
      11
      16
      20
      15
      10
      12
      17
      14
      14
      15
      12
      14
      17
      15
      11
      14
      11
      17
      17
      14
      21
      12
      15
      12
      16
      17
      10
       9
       8
      12
       9
      23
      11
      12
      13
      11
      19
      14
      13
       2
      17
      11
      10
       8
      11
      20
       9
      12
      20
      15
       6
      20
      12
      14
      13
      10
      14
      17
      21
      16
      16
       7
      16
      15
      14
      20
       4
      11
      18
       5
      17
      16
      10
      13
      19
      15
      21
      11
      17
      14
      11
      11
      10
      14
      18
      13
      13
      16
      19
      11
       7
      16
       9
      10
      20
      13
      13
      15
      24
      12
      16
      10
      17
       9
      12
      19
      15
      14
      16
      12
      15
      16
      14
      16
      13
      17
      18
      10
      13
      12
      15
      12
      12
      14
      16
      14
       9
      17
      13
      14
       8
      11
      18
      14
      16
      14
      19
      24
      47
      68
      71
      88
      91
     122
      98
      99
      67
      43
      47
      22
      21
      23
      16
      19
      16
      16
      17
      14
      14
      14
      15
      17
      12
      17
      10
      20
      15
       9
      10
      14
      27
       7
       5
       6
      18
      12
      13
      12
      10
      18
      12
      11
      15
      17
      16
      17
      20
      22
      12
      16
      15
       8
      11
      11
      12
       9
      11
      13
      17
      11
      11
      14
      19
      17
      22
      10
      12
      16
       9
      10
      19
       9
      15
      21
      13
      11
      10
      12
      13
      17
       8
      15
      11
      12
      12
      16
      12
      16
      12
      14
      19
      20
      11
      20
      12
      17
      12
       8
       8
      11
      13
      19
       9
      17
      18
      12
      11
      12
      16
       9
      10
      20
      14
      17
      12
      12
      12
       7
      14
      16
      10
      17
       9
      14
      12
      11
      12
      10
      19
      15
      14
      10
      11
      15
      10
      12
      14
      21
      17
      15
       8
      19
      12
      10
      16
       6
      10
      14
      14
       7
       8
      20
      11
       8
      14
      13
      15
      12
      18
      17
      12
      14
      13
      11
       6
      10
       9
      17
      16
      13
      16
      12
      16
      17
      11
      14
      12
      12
      16
      19
      17
      10
      12
      13
      13
      11
      14
      19
      15
       9
      16
      15
      12
       7
      15
      15
      15
      13
      13
       9
      10
      10
      20
      13
      14
      17
      21
      15
      12
      11
      13
      14
      13
      17
      17
      13
       9
      16
      11
      16
      13
       8
      17
      17
      17
       9
      15
      14
      16
       8
      12
      17
       9
      14
      20
      14
      11
      20
      19
      13
      14
      26
       6
       6
      17
       9
      15
      12
      12
      12
       9
      22
      10
      12
      11
      14
      19
      12
      19
       9
      14
      13
      17
      14
      17
      15
      15
      14
      13
      13
      13
      17
      19
      20
      21
      22
      23
      20
      16
      16
      14
      26
      17
      18
      22
      20
      19
      16
      16
      19
       8
      17
      13
      16
      11
      16
      20
       8
      10
      17
       9
      10
       9
      12
      21
      21
      13
      13
      20
      15
      11
       8
      15
      16
      11
      11
      17
       9
      16
      13
      12
      22
      18
      23
      16
      11
      13
      14
      12
      19
      18
      13
      15
      12
      14
      21
       8
      10
       9
      17
      20
      12
      17
      12
      18
      15
      11
      13
      15
      15
      13
       9
      13
      14
      25
      12
      17
      24
      13
      23
      12
      17
      17
      12
      12
      11
      12
      15
      14
      18
      22
      16
      12
      16
      19
      22
      13
      14
      20
      15
      16
      13
      19
      14
      15
       9
      22
       8
      13
      10
      12
      19
      11
      15
      10
      13
      17
      12
      18
      18
       8
      16
      14
      16
      16
      15
      17
      11
      18
      11
      22
      17
      20
      19
      19
      19
      17
      20
      20
      15
      14
      15
      12
      12
      22
      12
      15
      12
      12
      14
      10
      12
      18
      21
      12
      17
      17
      22
      14
      19
      17
      17
      16
      15
      18
      17
      18
      15
      13
      15
       9
      10
      27
      16
      11
      20
       8
      16
      17
      22
      19
      18
      19
      19
      13
      15
      22
      16
      14
      23
      20
      19
      19
      12
      19
      10
      10
      17
      16
      15
      10
      20
      14
      13
      15
      11
      22
      17
      13
       8
      21
      16
      20
      21
      15
      17
      18
      14
      13
      20
      16
       9
      18
      16
      18
      18
       7
      17
      22
      17
      21
      18
      17
      11
      18
      10
      27
      18
      22
      10
      24
      12
      11
      18
      21
      15
      17
      13
       5
      14
      18
      20
      13
      13
      22
      20
      18
      27
      17
      19
      16
      19
      16
      14
      23
      12
      26
      16
      15
      11
      15
      18
      10
      11
      13
      10
      12
      14
      12
      11
      18
      14
       9
      12
      13
      16
      10
       8
       8
       7
       6
       9
      10
       9
      14
       9
      15
       9
       9
       9
      15
       9
      17
      15
      15
      13
      11
      10
      15
       7
      10
      10
      13
       8
       7
      15
       9
       2
       9
       3
       9
       9
      11
      10
      10
       2
      11
      12
      10
      13
       6
      11
       9
      13
      15
      12
       4
       9
       8
      13
      10
      13
      10
      13
       7
       5
       7
      16
      16
       6
       5
       9
       8
      18
       9
      10
      10
      10
      10
      12
      15
      15
       9
       7
      14
       9
      10
       6
       7
       9
      13
       9
       8
       4
       9
      11
      15
      13
       9
       5
       7
       5
       5
      15
       7
      16
      12
       6
       5
      10
       6
       6
       9
      13
      12
      10
      12
      12
      12
       7
       5
       5
      11
      11
       5
      11
       7
       6
       9
       4
      14
      11
      13
       6
      10
       7
      11
       8
       8
      11
       3
       8
       8
       4
       4
      13
       4
      10
      18
      10
       9
       5
       9
      10
       9
       6
       8
       7
      10
       7
       6
       7
       6
      11
      14
       5
       3
       8
       6
      10
       7
      13
       8
      12
       9
       3
       4
      11
       7
       9
      10
       9
      11
       9
      16
      14
      22
      24
      31
      31
      33
      46
      32
      29
      20
      17
      10
      13
       8
       7
      14
      12
       1
       7
       8
       6
      12
      10
       7
       3
       9
       7
       8
       6
       5
      12
       6
       7
       9
       6
       5
       7
       1
       4
       6
       5
       8
       6
       5
       7
      10
       3
       8
       6
       7
      12
       5
       8
       6
       4
      11
       6
       7
       5
       4
      12
       6
       8
       3
       4
       5
      10
      13
       7
       6
       7
       6
       5
       6
       7
      10
       4
       9
       8
       3
       7
      10
       3
       7
       3
       7
       6
       4
       6
       3
       6
       8
       7
       5
       4
       8
       5
       5
       4
       7
       8
       0
       5
       5
       4
       4
       8
       3
       4
       2
       8
       2
       6
       5
       6
       4
       4
       3
       6
       7
       5
       6
       2
       5
       3
       0
       7
       6
       4
       3
       5
       1
       6
       4
       7
       7
       2
       4
       4
       4
       4
       4
       2
       8
       5
       6
       1
       2
       4
       6
       6
       7
       8
       2
       6
       2
       5
       6
       6
      11
       1
       6
       4
       6
       4
       1
       4
       1
       2
       4
       3
       6
       9
       2
       7
       2
       4
       6
       5
       3
       4
       7
       3
       6
       2
       6
       5
       1
       5
       9
       3
       5
       3
       6
       4
       6
       4
       2
       4
       0
       2
       4
       4
       3
       5
       5
       3
       2
       1
       3
       3
       9
       2
       5
       7
       7
       2
       4
       3
       4
       3
       3
       3
       4
       3
       4
       5
       2
       2
       6
       4
       4
       7
       0
       1
       6
       3
       9
       1
       6
       0
       0
       3
       2
       4
       6
       2
       3
       5
       2
       2
       0
       2
       1
       4
       2
       6
       2
       3
       2
       2
       3
       3
       3
       2
       6
       4
       4
       2
       2
       1
       1
       1
       3
       3
       1
       3
       2
       2
       4
       4
       2
       3
       5
       4
       2
       5
       3
       2
       1
       0
       3
       3
       2
       2
       1
       0
       0
       1
       2
       3
       2
       7
       4
       4
       2
       4
       4
       5
       7
       1
       3
       0
       1
       2
       1
       0
       4
       1
       1
       4
       1
       5
       2
       5
       4
       3
       5
       1
       2
       3
       3
       2
       2
       2
       2
       0
       2
       2
       1
       2
       2
       2
       1
       1
       6
       3
       2
       2
       1
       1
       3
       0
       3
       6
       1
       2
       2
       4
       4
       2
       2
       1
       2
       0
       1
       4
       1
       1
       4
       1
       2
       4
       2
       2
       2
       2
       1
       3
       3
       2
       1
       1
       0
       2
       1
       2
       2
       1
       3
       5
       4
       0
       4
       1
       3
       4
       2
       5
       2
       5
       3
       2
       3
       1
       5
       2
       2
       2
       2
       1
       2
       3
       2
       3
       5
       2
       3
       1
       1
       0
       1
       3
       2
       2
       2
       0
       4
       5
       1
       3
       1
       0
       2
       2
       2
       2
       1
       2
       1
       6
       6
       0
       3
       3
       4
       2
       5
       2
       1
       1
       1
       4
       2
       6
       2
       1
       1
       2
       1
       2
       5
       1
       3
       3
       1
       3
       2
       0
       5
       3
       2
       1
       1
       1
       3
       1
       2
       3
       2
       4
       2
       3
       4
       5
       4
       4
       3
       1
       4
       2
       3
       2
       2
       2
       1
       1
       0
       2
       4
       6
       4
       4
       5
       3
       0
       6
       7
      11
      13
      32
      52
      90
     160
     247
     295
     369
     400
     378
     371
     312
     228
     164
     102
      54
      29
      20
       9
       2
       6
       1
       3
       2
       2
       0
       4
       0
       3
       0
       0
       2
       1
       2
       0
       3
       2
       5
       6
       3
       1
       6
       2
       2
       1
       0
       0
       3
       2
       3
       1
       2
       5
       3
       4
       5
       3
       8
       2
       2
       2
       1
       0
       3
       2
       3
       2
       2
       0
       2
       4
       6
       1
       2
       2
       1
       0
       4
       0
       4
       4
       2
       2
       1
       3
       3
       3
       1
       0
       3
       5
       2
       3
       1
       3
       2
       1
       1
       2
       1
       1
       1
       5
       0
       3
       1
       4
       2
       0
       0
       0
       1
       1
       2
       3
       7
       3
       2
       1
       1
       2
       3
       2
       1
       0
       1
       2
       1
       2
       0
       3
       0
       1
       2
       3
       1
       0
       3
       4
       2
       1
       2
       1
       3
       1
       1
       2
       2
       0
       2
       5
       2
       3
       1
       1
       1
       0
       1
       4
       0
       1
       1
       2
       0
       1
       3
       2
       0
       0
       1
       2
       4
       1
       2
       0
       0
       2
       2
       0
       0
       2
       0
       1
       1
       1
       1
       1
       2
       0
       4
       0
       3
       0
       2
       1
       0
       1
       3
       1
       3
       0
       1
       0
       2
       3
       1
       0
       0
       1
       6
     343
    5229
    8870
    8906
    8729
    8524
    8307
    7991
    7734
    7808
    7707
$ROI:
0
$PRESETS:
None
0
0
$ENER_FIT:
29.588329 2.085281
$MCA_CAL:
3
2.958833E+001 2.085281E+000 0.000000E+000
$SHAPE_CAL:
3
4.557019E+000 2.304741E-003 0.000000E+000
