$SPEC_ID:
No sample description was entered.
$SPEC_REM:
DET# 1
DETDESC# LABNUC-3DE8E8 MCB 25
AP# Maestro Version 7.01
$DATE_MEA:
01/01/2002 01:51:03
$MEAS_TIM:
589 627
$DATA:
0 1023
       0
       0
       0
       0
       0
       0
       0
       0
       0
       0
       0
       0
       0
       0
       0
       0
       0
      45
      66
      53
      71
      44
      76
      62
      73
      59
      62
      58
      68
      59
      60
      72
      76
      87
      85
      81
      91
     110
      96
     108
      93
     120
     107
      99
      84
      90
      96
      70
      63
      73
      60
      62
      53
      40
      51
      52
      48
      45
      45
      42
      48
      46
      42
      27
      41
      47
      47
      49
      43
      40
      40
      37
      50
      41
      32
      29
      45
      31
      36
      37
      43
      41
      35
      30
      34
      28
      36
      36
      36
      36
      44
      34
      29
      24
      29
      40
      42
      36
      35
      35
      30
      32
      28
      42
      32
      32
      36
      24
      34
      37
      31
      37
      38
      38
      26
      23
      33
      25
      40
      43
      35
      31
      38
      25
      46
      34
      38
      26
      30
      36
      38
      38
      35
      41
      33
      27
      32
      41
      30
      39
      40
      31
      40
      36
      34
      42
      29
      48
      46
      37
      33
      44
      48
      36
      38
      34
      40
      39
      39
      43
      32
      42
      50
      40
      49
      34
      46
      45
      43
      48
      54
      37
      36
      29
      42
      36
      42
      36
      38
      34
      31
      28
      30
      29
      37
      25
      31
      26
      18
      29
      17
      26
      24
      35
      30
      34
      33
      19
      29
      46
      44
      70
      78
      47
      68
      69
      97
     102
     106
     105
     113
     120
     131
     143
     154
     141
     141
     149
     130
     153
     152
     114
     132
     144
      94
     105
     100
     105
      86
      87
      80
      72
      62
      54
      48
      54
      58
      59
      38
      33
      33
      44
      29
      29
      32
      20
      26
      27
      31
      36
      29
      22
      25
      15
      19
      18
      14
      16
      15
      14
       8
      10
      14
       8
      14
      12
      11
       7
      11
      11
       6
       9
       4
       6
       8
       1
       4
       4
       4
       4
       6
       4
       2
       3
       2
       8
       3
       4
       4
       5
       1
       2
       2
       2
       2
       5
       2
       2
       1
       3
       1
       6
       1
       1
       3
       3
       0
       1
       3
       0
       3
       4
       2
       1
       0
       1
       1
       1
       0
       2
       0
       3
       4
       3
       6
       3
       2
       1
       2
       3
       3
       1
       4
       2
       3
       5
       4
       2
       2
       2
       3
       0
       1
       2
       1
       3
       6
       3
       1
       6
       0
       3
       1
       0
       0
       3
       0
       3
       1
       3
       2
       1
       0
       2
       2
       0
       2
       1
       3
       4
       1
       1
       1
       3
       3
       2
       0
       2
       3
       1
       2
       3
       2
       3
       1
       2
       2
       0
       3
       1
       3
       1
       2
       1
       2
       0
       3
       0
       0
       1
       2
       4
       1
       2
       2
       1
       1
       1
       3
       2
       2
       2
       1
       2
       3
       1
       2
       0
       1
       2
       1
       1
       2
       0
       1
       1
       1
       2
       0
       0
       1
       1
       1
       0
       3
       2
       0
       3
       2
       1
       0
       1
       1
       3
       1
       2
       0
       4
       1
       2
       0
       1
       3
       0
       1
       0
       2
       2
       5
       2
       0
       1
       0
       1
       2
       1
       1
       2
       0
       0
       1
       1
       0
       0
       0
       0
       2
       0
       0
       0
       0
       3
       2
       0
       2
       1
       2
       0
       1
       1
       1
       0
       0
       1
       0
       0
       0
       1
       0
       2
       1
       1
       1
       0
       0
       0
       1
       0
       0
       1
       1
       1
       0
       0
       0
       0
       0
       0
       0
       1
       0
       0
       0
       0
       1
       0
       0
       0
       0
       0
       1
       1
       1
       0
       0
       0
       0
       0
       0
       0
       0
       0
       1
       0
       0
       0
       0
       0
       0
       0
       0
       0
       1
       0
       0
       0
       1
       0
       0
       0
       1
       0
       0
       0
       0
       0
       1
       0
       0
       0
       0
       0
       0
       0
       0
       0
       0
       1
       0
       0
       0
       0
       0
       0
       0
       1
       0
       0
       0
       0
       0
       1
       0
       0
       0
       0
       1
       0
       0
       1
       0
       0
       0
       0
       0
       0
       0
       0
       1
       0
       0
       0
       0
       0
       0
       0
       0
       0
       0
       0
       0
       0
       0
       0
       0
       0
       0
       0
       0
       0
       0
       0
       0
       0
       0
       0
       0
       0
       0
       0
       0
       0
       0
       0
       0
       0
       0
       0
       0
       0
       0
       0
       0
       0
       0
       0
       0
       0
       0
       0
       0
       0
       0
       0
       0
       0
       0
       0
       0
       0
       0
       0
       0
       0
       0
       0
       0
       0
       0
       0
       0
       0
       0
       0
       0
       0
       0
       0
       0
       0
       0
       0
       0
       0
       0
       0
       0
       0
       0
       0
       0
       0
       0
       1
       0
       0
       0
       0
       0
       0
       0
       0
       0
       0
       0
       0
       0
       0
       0
       0
       0
       0
       0
       0
       0
       0
       0
       0
       0
       0
       0
       0
       0
       0
       0
       0
       0
       0
       0
       0
       0
       0
       0
       0
       0
       0
       0
       0
       0
       0
       0
       0
       0
       0
       0
       0
       0
       0
       0
       0
       0
       0
       0
       0
       0
       0
       0
       0
       0
       0
       0
       0
       0
       0
       0
       0
       0
       0
       0
       0
       0
       0
       0
       0
       0
       0
       0
       0
       0
       0
       0
       0
       0
       0
       0
       0
       0
       0
       0
       0
       0
       0
       0
       0
       0
       0
       0
       0
       0
       0
       0
       0
       0
       0
       0
       0
       0
       0
       0
       0
       0
       0
       0
       0
       0
       0
       0
       0
       0
       0
       1
       0
       0
       0
       0
       0
       0
       0
       0
       0
       0
       0
       0
       0
       1
       0
       0
       0
       0
       0
       0
       0
       1
       1
       0
       1
       0
       1
       0
       0
       0
       0
       1
       0
       1
       0
       0
       1
       0
       0
       0
       0
       0
       0
       0
       0
       0
       0
       0
       0
       0
       1
       0
       0
       0
       1
       0
       0
       0
       0
       0
       0
       0
       1
       1
       0
       0
       0
       1
       0
       0
       1
       0
       0
       0
       0
       0
       0
       1
       0
       2
       0
       0
       0
       0
       0
       0
       0
       0
       0
       0
       0
       0
       0
       0
       1
       1
       0
       0
       0
       0
       0
       1
       0
       0
       0
       0
       0
       0
       0
       0
       0
       0
       0
       0
       0
       0
       0
       0
       0
       0
       0
       0
       0
       0
       0
       0
       0
       0
       0
       0
       0
       0
       0
       0
       0
       0
       0
       0
       0
       0
       0
       0
       0
       0
       0
       0
       0
       0
       0
       0
       0
       0
       0
       0
       0
       0
       0
       0
       0
       0
       0
       0
       0
       0
       0
       0
       0
       0
       0
       0
       0
       0
       0
       0
       0
       0
       0
       0
       0
       0
       0
       0
       0
       0
       0
       0
       0
       0
       0
       0
       0
       0
       0
$ROI:
1
192 229
$PRESETS:
None
0
0
$ENER_FIT:
0.000000 0.000000
$MCA_CAL:
3
0.000000E+000 0.000000E+000 0.000000E+000 
$SHAPE_CAL:
3
0.000000E+000 0.000000E+000 0.000000E+000
