$SPEC_ID:
No sample description was entered.
$SPEC_REM:
DET# 1
DETDESC# DESKTOP-LO9J119 MCB 337
AP# Maestro Version 5.35.01
$DATE_MEA:
01/26/2026 15:38:36
$MEAS_TIM:
8315 8378
$DATA:
0 8191
    1052
    1031
    1055
    1089
    1008
    1024
     980
     988
     969
     954
     968
     948
     909
     968
     909
     921
     974
     907
     936
     906
     935
     905
     875
     807
     866
     903
     796
     833
     809
     804
     805
     835
     797
     819
     818
     750
     851
     769
     800
     775
     769
     790
     696
     782
     789
     733
     728
     720
     773
     783
     707
     735
     723
     690
     693
     726
     709
     697
     704
     689
     668
     673
     717
     657
     728
     711
     680
     624
     670
     641
     680
     665
     646
     636
     636
     619
     662
     622
     618
     657
     657
     609
     595
     668
     585
     625
     576
     596
     646
     586
     567
     605
     569
     622
     581
     567
     584
     504
     567
     575
     586
     561
     563
     572
     606
     517
     531
     562
     562
     521
     577
     516
     538
     526
     525
     520
     510
     545
     523
     532
     562
     496
     550
     511
     509
     530
     509
     471
     503
     533
     485
     501
     485
     476
     483
     498
     511
     499
     471
     529
     482
     483
     483
     486
     462
     445
     450
     491
     441
     452
     521
     511
     495
     478
     500
     496
     498
     535
     481
     490
     523
     451
     491
     437
     481
     494
     473
     492
     499
     451
     479
     492
     517
     491
     483
     496
     500
     484
     485
     500
     511
     488
     489
     531
     551
     503
     487
     481
     517
     541
     529
     504
     550
     520
     505
     510
     524
     506
     528
     483
     557
     497
     537
     539
     518
     520
     514
     513
     535
     573
     519
     541
     523
     547
     545
     577
     580
     559
     584
     565
     562
     573
     632
     576
     564
     613
     603
     588
     611
     594
     588
     548
     587
     618
     596
     608
     630
     619
     614
     599
     614
     599
     622
     631
     598
     580
     610
     623
     618
     646
     612
     594
     595
     616
     593
     647
     686
     676
     684
     647
     608
     641
     635
     616
     636
     663
     638
     635
     624
     660
     639
     660
     646
     662
     662
     661
     662
     653
     685
     698
     689
     713
     692
     662
     694
     679
     695
     678
     685
     687
     682
     722
     727
     666
     621
     677
     672
     716
     644
     698
     695
     690
     683
     741
     688
     661
     741
     731
     681
     726
     673
     696
     741
     705
     711
     643
     723
     662
     701
     723
     675
     754
     704
     722
     734
     670
     715
     661
     674
     685
     752
     707
     701
     749
     662
     726
     674
     675
     695
     699
     700
     707
     679
     689
     740
     727
     673
     729
     696
     714
     722
     645
     682
     669
     670
     715
     679
     654
     700
     656
     666
     624
     674
     638
     671
     712
     734
     726
     667
     658
     704
     685
     637
     630
     653
     653
     699
     706
     662
     670
     694
     673
     616
     652
     672
     640
     655
     666
     688
     627
     641
     639
     666
     665
     657
     657
     696
     649
     610
     597
     607
     626
     672
     620
     634
     692
     595
     625
     658
     650
     618
     629
     556
     643
     622
     607
     605
     644
     570
     645
     616
     623
     617
     606
     623
     616
     635
     562
     623
     581
     553
     581
     684
     571
     592
     595
     560
     626
     592
     617
     576
     582
     550
     610
     583
     561
     560
     540
     543
     577
     542
     572
     543
     555
     573
     547
     564
     566
     598
     570
     546
     601
     607
     537
     562
     573
     499
     519
     545
     524
     527
     522
     571
     526
     576
     541
     530
     519
     521
     507
     512
     538
     499
     538
     511
     531
     522
     515
     524
     505
     500
     515
     509
     514
     462
     553
     525
     494
     502
     499
     466
     489
     523
     484
     476
     504
     469
     491
     511
     525
     485
     463
     476
     498
     441
     462
     497
     468
     463
     501
     482
     472
     478
     508
     508
     522
     504
     464
     488
     483
     416
     420
     431
     456
     441
     445
     411
     433
     434
     435
     378
     411
     435
     423
     436
     448
     440
     387
     406
     427
     441
     387
     446
     406
     414
     410
     433
     436
     414
     395
     381
     425
     428
     405
     375
     402
     374
     380
     412
     367
     398
     423
     441
     390
     412
     393
     415
     391
     385
     369
     375
     386
     381
     388
     370
     349
     383
     407
     371
     357
     403
     380
     384
     408
     339
     394
     363
     399
     364
     387
     370
     387
     382
     367
     367
     379
     327
     360
     358
     371
     360
     348
     368
     341
     347
     362
     347
     337
     363
     348
     358
     345
     350
     329
     350
     346
     336
     337
     346
     339
     357
     327
     321
     342
     328
     327
     340
     335
     355
     303
     332
     329
     366
     305
     344
     314
     312
     309
     330
     289
     296
     305
     307
     312
     327
     322
     327
     312
     318
     326
     296
     305
     306
     327
     317
     298
     302
     331
     288
     287
     309
     305
     283
     287
     278
     279
     273
     291
     314
     305
     310
     319
     281
     356
     339
     464
     515
     534
     510
     429
     325
     298
     321
     285
     315
     308
     355
     316
     306
     295
     281
     255
     260
     281
     254
     245
     246
     265
     255
     249
     253
     229
     269
     248
     219
     287
     214
     240
     234
     238
     266
     247
     237
     237
     230
     256
     252
     268
     251
     214
     238
     240
     239
     263
     235
     236
     236
     216
     231
     251
     219
     230
     229
     229
     221
     243
     233
     211
     226
     225
     222
     232
     217
     219
     208
     233
     218
     234
     209
     230
     221
     230
     228
     212
     220
     211
     200
     211
     219
     214
     196
     201
     192
     220
     201
     197
     201
     200
     219
     229
     197
     244
     232
     217
     235
     236
     253
     198
     232
     198
     193
     214
     184
     190
     211
     191
     189
     177
     185
     198
     199
     203
     183
     211
     218
     209
     203
     196
     208
     170
     207
     211
     197
     170
     181
     196
     199
     203
     231
     181
     205
     198
     172
     183
     188
     174
     179
     182
     177
     187
     195
     186
     194
     182
     190
     185
     186
     187
     163
     196
     186
     186
     176
     188
     151
     185
     169
     195
     186
     159
     168
     153
     181
     185
     162
     171
     177
     223
     254
     268
     303
     265
     281
     207
     187
     207
     182
     163
     174
     165
     178
     165
     190
     173
     188
     207
     186
     185
     189
     159
     154
     167
     185
     147
     168
     160
     164
     151
     166
     169
     150
     169
     134
     148
     157
     123
     171
     165
     157
     175
     188
     165
     142
     160
     168
     140
     186
     148
     154
     154
     139
     160
     147
     149
     179
     148
     163
     157
     143
     138
     146
     149
     124
     146
     185
     150
     145
     140
     164
     153
     161
     145
     154
     151
     145
     132
     115
     150
     157
     139
     162
     157
     151
     150
     123
     136
     126
     150
     143
     146
     127
     123
     134
     132
     124
     141
     131
     133
     138
     161
     151
     158
     153
     136
     138
     138
     141
     133
     158
     135
     146
     129
     147
     156
     125
     144
     120
     140
     140
     135
     120
     125
     134
     124
     111
     151
     121
     107
     122
     132
     162
     170
     206
     175
     173
     157
     114
     154
     136
     156
     124
     125
     131
     118
     130
     117
     134
     113
     132
     114
     129
     114
     121
     132
     125
     117
     122
     118
     120
     132
     123
     133
     116
     113
     113
     137
     130
     115
     126
     110
     131
     186
     218
     285
     329
     344
     285
     219
     155
     139
     116
     103
     104
     104
      99
     114
      97
      90
     117
     110
      99
     116
      94
      96
     104
      96
     104
     105
      93
     127
     103
     123
     109
     119
      97
      94
     108
     110
     105
      88
      86
     104
     105
      93
      98
     103
      99
      99
      97
     101
      96
     126
     109
      92
     100
     101
     108
     106
      99
      97
     102
     106
     103
     119
      94
      88
     107
     114
     112
     109
      93
      84
      98
     104
     113
     105
     113
     106
     112
     103
      88
     112
      86
     104
     123
     103
     135
      94
      94
     101
      90
      82
      99
     105
      87
      84
     102
      94
     105
      87
     107
     102
     100
     105
      95
      80
     105
      92
     101
     105
      84
     109
      92
      82
      85
      94
      99
      92
      89
      99
      85
     107
      92
      87
      80
      75
      78
      88
      98
      93
      69
      76
     101
      86
      90
     100
     104
      87
      89
     115
      85
      78
      78
     105
      84
      86
     102
      90
      87
      85
      89
      84
      77
      94
     101
      82
      81
      77
      90
      98
     104
      94
      77
      84
      93
      94
      80
      88
      73
     109
      95
      71
      88
      63
      87
      76
      70
      77
      80
      86
      96
      87
     111
      65
     103
      85
      71
      91
      80
     104
      92
      74
      87
      87
      79
      92
      72
      70
      68
      90
      80
      86
      63
      75
      89
      90
      80
      94
      75
      86
      86
      70
      86
      83
      76
      59
      83
      86
      88
      80
      87
      85
      86
      78
      68
      82
      76
      71
      82
      92
      77
      65
      93
      82
      72
      92
      81
      82
      77
      91
      68
      83
      87
      96
      78
      77
      76
      81
      68
      79
      83
      66
      76
      67
      89
      75
      63
      67
      64
      65
      78
      79
      77
      73
      73
      67
      67
      72
      70
      85
      82
      76
      71
      77
      73
      72
      66
      74
      68
      72
      73
      65
      65
      67
      71
      82
      74
      72
      66
      61
      66
      68
      73
      51
      60
      61
      73
      79
      69
      74
      69
      74
      56
      67
      69
      59
      68
      67
      57
      63
      60
      64
      71
      66
      70
      73
      67
      65
      63
      80
      65
      80
      60
      78
      58
      57
      59
      57
      58
      67
      65
      67
      58
      71
      70
      81
      79
      70
      77
      72
      65
      65
      68
      77
      91
      78
      96
      76
      71
      66
      66
      70
      66
      47
      68
      64
      61
      62
      64
      54
      68
      72
      54
      55
      65
      77
      77
      48
      78
      62
      63
      66
      47
      54
      62
      50
      61
      80
      68
      60
      59
      65
      53
      59
      51
      63
      70
      60
      58
      57
      73
      62
      61
      54
      72
      66
      63
      74
      65
      70
      56
      50
      69
      52
      43
      56
      61
      61
      52
      57
      61
      60
      58
      48
      59
      55
      64
      40
      52
      65
      66
      68
      60
      65
      66
      51
      54
      61
      68
      66
      60
      84
      66
      53
      63
      68
      63
      56
      58
      60
      55
      49
      66
      54
      61
      54
      58
      59
      57
      83
      65
      59
      50
      59
      52
      60
      64
      45
      52
      59
      53
      54
      70
      59
      52
      51
      52
      47
      58
      74
      72
      52
      53
      56
      58
      59
      64
      59
      55
      69
      53
      61
      52
      65
      57
      58
      58
      83
     103
     113
     116
     133
     111
     104
      98
     106
      95
      66
      60
      59
      79
      48
      54
      59
      49
      51
      57
      57
      49
      42
      50
      55
      51
      56
      57
      36
      59
      57
      59
      52
      54
      56
      56
      61
      47
      60
      69
      51
      52
      44
      40
      48
      40
      38
      51
      44
      45
      48
      50
      60
      46
      49
      55
      56
      50
      48
      51
      52
      44
      51
      52
      47
      44
      46
      64
      41
      54
      60
      55
      46
      46
      44
      53
      43
      54
      49
      32
      49
      46
      54
      60
      53
      42
      50
      51
      54
      53
      41
      55
      51
      60
      40
      56
      41
      62
      35
      35
      43
      33
      41
      44
      52
      49
      38
      47
      50
      51
      49
      49
      49
      33
      47
      48
      52
      64
      57
      44
      39
      49
      44
      41
      51
      62
      49
      52
      55
      50
      50
      53
      63
      38
      52
      40
      46
      44
      54
      47
      45
      45
      44
      28
      42
      43
      53
      41
      40
      50
      52
      56
      47
      53
      45
      44
      48
      41
      41
      53
      54
      44
      45
      56
      63
      39
      63
      46
      44
      38
      52
      41
      47
      47
      58
      49
      56
      41
      41
      60
      57
      37
      57
      41
      45
      43
      50
      45
      45
      47
      46
      42
      40
      57
      48
      50
      45
      39
      47
      53
      49
      51
      39
      49
      44
      57
      56
      28
      47
      49
      33
      48
      40
      48
      44
      55
      48
      53
      51
      37
      45
      39
      47
      73
      83
      97
     127
     176
     162
     148
     114
      65
      61
      59
      41
      41
      36
      51
      45
      36
      52
      40
      44
      49
      49
      50
      37
      34
      47
      36
      43
      41
      44
      44
      38
      44
      45
      40
      38
      40
      49
      41
      41
      41
      39
      43
      51
      43
      35
      44
      36
      33
      33
      34
      40
      33
      36
      41
      38
      39
      35
      53
      47
      34
      39
      32
      39
      48
      42
      40
      33
      40
      34
      39
      42
      34
      36
      43
      41
      43
      27
      45
      51
      62
     110
     141
     217
     229
     258
     246
     126
      96
      60
      38
      43
      52
      48
      53
      28
      35
      44
      35
      50
      34
      28
      46
      35
      31
      37
      49
      38
      25
      37
      39
      30
      50
      32
      49
      32
      37
      33
      36
      28
      42
      34
      36
      37
      46
      39
      46
      23
      32
      44
      40
      33
      39
      36
      30
      45
      44
      40
      40
      29
      33
      31
      35
      24
      40
      36
      30
      47
      35
      28
      37
      32
      36
      31
      39
      40
      35
      38
      26
      28
      36
      30
      40
      35
      33
      31
      27
      45
      35
      43
      46
      39
      38
      35
      21
      44
      38
      27
      29
      34
      37
      36
      45
      32
      40
      31
      37
      28
      31
      30
      32
      26
      30
      33
      37
      32
      34
      35
      44
      30
      36
      38
      32
      31
      43
      25
      45
      39
      33
      35
      33
      37
      37
      30
      28
      36
      39
      31
      27
      39
      33
      25
      34
      43
      30
      42
      35
      32
      32
      32
      29
      31
      32
      31
      47
      28
      37
      21
      30
      29
      35
      37
      34
      36
      32
      29
      34
      36
      28
      28
      34
      30
      27
      34
      45
      38
      39
      35
      48
      40
      38
      30
      38
      30
      26
      28
      40
      44
      38
      36
      36
      34
      24
      39
      40
      30
      42
      27
      32
      29
      28
      29
      33
      31
      19
      41
      37
      31
      28
      35
      36
      30
      26
      33
      29
      31
      43
      29
      42
      36
      32
      33
      34
      40
      30
      29
      39
      28
      34
      31
      23
      33
      33
      27
      26
      37
      32
      30
      38
      26
      27
      23
      29
      34
      31
      32
      28
      28
      30
      33
      27
      32
      30
      30
      30
      35
      34
      25
      44
      39
      30
      33
      34
      37
      37
      29
      37
      34
      28
      39
      38
      23
      28
      31
      30
      36
      29
      22
      24
      27
      35
      37
      27
      34
      33
      25
      35
      30
      22
      25
      29
      34
      29
      33
      28
      24
      29
      27
      25
      31
      27
      26
      34
      37
      27
      38
      35
      37
      29
      30
      35
      33
      31
      26
      33
      31
      23
      37
      25
      30
      31
      30
      29
      33
      38
      25
      41
      25
      23
      33
      22
      27
      31
      27
      25
      38
      21
      35
      36
      19
      37
      34
      30
      31
      25
      28
      33
      22
      31
      19
      31
      35
      28
      34
      27
      40
      24
      39
      32
      30
      36
      22
      37
      31
      32
      35
      59
      44
      53
      37
      32
      43
      27
      40
      23
      28
      30
      28
      33
      24
      26
      26
      23
      28
      22
      26
      25
      26
      34
      34
      19
      32
      21
      18
      37
      28
      32
      26
      29
      25
      26
      31
      31
      17
      21
      26
      27
      25
      26
      30
      35
      24
      27
      28
      36
      26
      36
      29
      20
      27
      34
      27
      30
      29
      29
      26
      25
      23
      33
      21
      24
      32
      28
      39
      29
      17
      32
      25
      27
      27
      34
      32
      30
      27
      31
      27
      30
      30
      23
      30
      35
      29
      19
      35
      27
      25
      27
      30
      23
      41
      22
      24
      19
      29
      31
      25
      26
      26
      19
      21
      34
      29
      20
      32
      24
      27
      19
      34
      27
      43
      32
      25
      25
      27
      27
      19
      32
      31
      21
      33
      29
      45
      30
      45
      41
      38
      35
      35
      29
      29
      33
      25
      29
      25
      29
      31
      33
      33
      36
      23
      24
      22
      26
      17
      25
      24
      16
      20
      31
      26
      26
      24
      20
      27
      16
      20
      22
      33
      27
      34
      28
      26
      32
      22
      20
      24
      31
      19
      26
      27
      27
      26
      31
      28
      24
      27
      32
      33
      31
      44
      25
      25
      22
      20
      27
      29
      21
      29
      24
      16
      26
      23
      17
      24
      31
      23
      22
      14
      23
      18
      22
      27
      32
      46
      39
      39
      36
      32
      22
      29
      20
      22
      19
      21
      24
      26
      26
      30
      44
      29
      24
      26
      22
      24
      27
      29
      20
      29
      27
      32
      28
      24
      16
      19
      23
      21
      28
      27
      32
      27
      31
      28
      27
      20
      26
      24
      23
      23
      27
      22
      24
      30
      26
      24
      26
      30
      34
      17
      21
      23
      28
      20
      20
      15
      20
      19
      26
      20
      26
      30
      24
      27
      21
      24
      31
      15
      32
      17
      25
      17
      26
      12
      27
      18
      20
      16
      25
      22
      14
      20
      18
      23
      25
      18
      27
      31
      18
      28
      20
      19
      25
      27
      25
      22
      30
      13
      29
      22
      21
      26
      25
      26
      20
      19
      16
      34
      27
      22
      25
      22
      25
      18
      23
      23
      29
      20
      18
      29
      20
      26
      29
      20
      26
      22
      19
      19
      21
      16
      25
      31
      23
      25
      30
      19
      27
      21
      30
      24
      29
      15
      23
      23
      27
      27
      25
      26
      20
      15
      19
      17
      20
      21
      16
      15
      19
      17
      23
      18
      24
      26
      16
      27
      21
      16
      22
      18
      21
      29
      19
      19
      19
      17
      16
      19
      12
      12
      19
      19
      22
      22
      14
      16
      31
      24
      23
      18
      14
      20
      24
      18
      18
      26
      24
      28
      34
      31
      50
      44
      31
      23
      23
      23
      19
      23
      24
      21
      26
      17
      11
      18
      25
      29
      25
      24
      22
      18
      23
      17
      21
      22
      20
      24
      28
      20
      26
      13
      23
      20
      12
      23
      18
      25
      18
      18
      21
      19
      27
      18
      18
      18
      22
      22
      20
      21
      26
      26
      15
      16
      20
      19
      14
      17
      15
      26
      15
      17
      16
      15
      13
      17
      19
      22
      15
      33
      21
      24
      23
      17
      18
      24
      17
      13
      21
      16
      24
      24
      16
      28
      17
      23
      23
      13
      19
      22
      21
      25
      15
      17
      27
      25
      12
      21
      22
      21
      19
      20
      22
      21
      23
      22
      22
      23
      15
      24
      18
      19
      12
      17
      24
      27
      15
      25
      18
      24
      23
      19
      17
      19
      29
      20
      25
      21
      24
      26
      27
      16
      18
      31
      23
      16
      19
      23
      25
      20
      20
      21
      19
      12
      17
      17
      19
      23
      22
      11
      19
      21
      22
      32
      39
      66
      72
     114
     100
      84
      69
      54
      28
      20
      32
      25
      23
      19
      19
      30
      26
      16
      22
      14
      14
      15
      18
      22
      19
      20
      19
      15
      14
      20
      17
      23
      22
      20
      17
      14
      21
      18
      24
      13
      23
      13
      15
      22
      24
      15
      16
      17
      16
      22
      12
      13
      22
      13
      15
      31
      18
      25
      22
      15
      19
      18
      16
      11
      11
      19
      18
      16
      23
      30
      27
      22
      25
      36
      28
      32
      29
      24
      18
      21
      15
      17
      13
      22
      17
      19
      17
      23
      17
      16
      21
      18
      17
      15
      22
      14
      17
      22
      20
      17
      20
      14
      24
      19
      26
      19
      22
      21
       9
       9
      11
      20
      27
      19
      13
      20
      18
      19
      19
      24
      27
      18
      25
      16
      25
      20
      20
      21
      31
      17
      18
      19
      18
      21
      23
      14
      17
      20
      23
      17
      18
      13
      17
      12
      22
       7
      17
      19
      15
      17
      21
      15
      19
      20
      16
       9
      16
      23
      18
      24
      22
      19
      17
      21
      18
      29
      31
      28
      31
      32
      47
      20
      22
      21
      15
      24
      21
      25
      28
      61
      68
      64
      55
      58
      45
      31
      20
      25
      18
      25
      26
      18
      16
      17
      12
      14
      15
      14
      21
      17
      14
      15
      14
      16
      19
      14
      17
      19
       9
      20
      19
      17
      14
      19
      21
      21
      18
      16
      24
      19
      14
      18
      17
      12
      17
      18
      12
      16
      14
      16
      24
      21
      11
      26
      17
      17
      13
      20
      12
      18
      14
      18
      19
      11
      16
      13
      11
      19
      19
      12
      19
      10
       9
      18
      15
      22
      15
      13
      16
      14
      14
      10
      24
      15
      19
      17
      13
      12
      11
      18
      21
      16
      18
      13
      14
      18
      18
      12
      28
      11
      17
      27
      24
      18
      20
      15
      17
      19
      11
      28
      22
      14
      22
      14
       9
      14
      15
      11
      16
      17
      10
      14
      19
      18
      17
      15
      13
      27
      22
      13
      11
      22
       7
      13
      17
      20
      21
      15
      13
      15
      18
      22
      26
      11
      21
      19
      14
       7
      10
      21
      28
      25
      16
      11
      16
      11
      18
      16
      17
      19
      12
      15
      16
      12
      22
      14
      10
      16
      16
      10
      15
      26
      16
      22
      17
      23
      14
      18
      20
      16
      15
      12
      11
      19
      14
      14
      18
      17
      13
      14
      17
      10
      16
      11
      16
      17
      18
      13
      18
      15
      21
      16
      24
      14
      19
      18
      17
      17
      12
      16
       8
      23
      16
       9
      22
      23
      18
      23
      16
      18
      14
      10
      24
      15
      14
      11
      17
      16
      19
      17
      15
      15
      17
      15
      20
      15
      17
      24
      13
      14
      14
      16
      13
      15
      13
       9
      17
      14
      15
      20
      14
      14
      18
      10
      13
      23
      18
      20
      14
      20
      17
      16
      19
      16
      17
       8
      15
      10
      15
      15
      11
      15
       6
      14
      16
      15
      13
      23
      18
      21
      10
      29
      18
      16
      13
      14
      10
      16
      16
      11
      15
      14
      17
      12
      13
      15
      14
      12
      13
      13
      22
      17
      17
      13
      21
      12
      19
      18
      22
      18
      12
      19
       6
      19
      13
      18
      18
      15
      13
      25
      15
      16
      15
      17
       9
      17
      17
      15
      12
      18
      20
      15
      20
      13
      19
      17
      16
      13
      12
      13
      13
      16
      12
      18
      23
      12
       7
      14
      19
      18
      15
      14
      14
      12
      17
       7
       9
       9
      10
      19
      13
      16
      14
      10
      21
      16
      12
      15
      16
      15
      11
      23
      12
      17
      13
      13
      13
      19
      10
      17
      14
      10
      18
      16
      19
      12
      11
      11
      16
      15
      18
      15
      22
      13
      17
      14
      13
      19
      13
      14
      16
      16
       7
      18
      12
       8
      19
      22
      13
      18
      16
      20
      14
      12
      12
      16
      19
      16
      10
      22
      10
       9
      14
       9
      13
      15
      14
       7
      19
      15
      14
      12
      16
      14
      18
      23
      16
      19
      14
      11
      13
      11
      21
      23
      11
      11
      16
      17
      13
      21
      17
      15
      21
      18
      17
       9
      14
      16
      13
      10
      12
      33
      20
      57
      59
      80
      66
      70
      49
      27
      27
      13
      19
      16
      13
       8
      11
      18
      16
      11
      28
      16
      11
      16
      15
      20
      11
      17
      10
      16
      12
      10
       9
      14
      14
      13
      13
      16
      17
      19
      10
      10
      14
      13
      22
      11
      17
      19
      15
      10
      11
      15
       9
      14
      21
      20
      11
      13
      13
      12
      16
      13
       6
      21
      14
       9
      18
       9
      13
      16
      16
      11
      14
      17
      21
      17
      12
       9
      16
      18
      13
      17
      15
      12
      20
      23
      13
      15
      16
      20
       9
      16
      14
      19
      11
      27
      13
      11
      18
      23
      15
      19
      16
      15
      17
      16
      20
      23
      11
      19
      19
      20
      15
      23
      10
      20
      14
      20
      16
      18
       9
      15
      15
      15
      20
      18
      13
      12
      13
      21
      19
      17
      21
      20
      11
       9
      19
      16
       7
      13
      12
      20
      17
      17
      20
      10
      20
      19
      18
      14
      17
      11
      19
      10
      18
      11
       9
       8
      14
      15
      15
       9
      14
      11
      17
      13
      11
      18
      15
      14
      12
      17
      14
      15
      16
      10
      15
      19
      16
      13
      16
      19
      17
      21
      19
       9
      20
      19
      15
       9
      16
      16
      11
      18
      22
      19
      12
      18
      12
      11
      16
      21
      15
       8
      10
      13
      12
      12
      22
      21
      13
      19
      12
      11
       8
      21
      20
      18
      14
      20
      15
      15
      18
      10
      12
      14
      17
      16
      11
      12
      17
      14
      10
      12
      12
      21
      15
      21
      14
      19
      14
      21
      17
      20
      11
      20
      16
      14
      16
      16
       9
      19
      15
      15
      23
      14
       8
      20
      12
      20
      20
      12
      17
      10
      17
      13
      15
      19
      16
      15
      13
      12
      17
      17
      12
      10
      14
      14
      10
      14
      12
      14
      21
      15
       8
      14
      17
      18
      16
      12
      16
      19
      20
      20
      10
      19
      17
      12
      15
      12
      17
      19
      17
       9
      21
      17
       9
      11
      16
      12
      14
      16
      16
       9
      16
      11
       9
      16
      15
      16
      22
      15
      20
      16
      14
      16
      12
      18
      15
      17
      13
      11
      14
      19
      14
      18
      21
      15
      21
      19
      17
      12
      13
      10
      16
      18
      20
      18
      17
       9
      16
      22
      17
      15
      19
      22
      17
      18
      19
      18
      13
      15
      15
      19
      17
      27
      23
      37
      34
      36
      32
      17
      18
      17
      23
      14
      18
      14
      10
      10
      16
       7
      16
      16
       7
      17
      16
      11
       5
       8
      10
      11
      15
      18
      13
      13
      22
      14
      12
      11
       6
       8
      11
       9
       5
      12
      13
       6
      19
      11
      10
       9
      13
      14
      12
      14
      17
      12
       6
      11
      14
       9
       9
      10
      13
      19
      14
      15
      11
      12
      11
      12
      11
      11
      15
      14
      12
      12
      11
      18
      15
       6
      11
      12
      10
      10
       4
       5
       6
      14
       8
      12
      12
      12
      12
       7
       7
      13
      14
      14
       8
       9
      12
       8
      12
      10
       6
       5
      13
       7
       7
      10
      14
      13
      12
      11
      12
      12
       7
       6
      15
      13
       8
      14
      11
       7
      12
      11
      12
      16
      16
      14
       6
      19
       8
       8
      23
      15
       9
      16
      21
      16
      17
       8
       8
      12
      13
      11
       8
       9
       7
       9
      13
      12
       6
       6
      11
       8
       7
      10
       7
      12
      12
      11
       9
      11
      12
       7
      10
      12
      11
      14
       8
       7
      14
       9
      11
      12
       5
       9
      10
      11
       8
      12
       8
       4
      10
       8
       9
      12
       5
       8
      16
      10
      10
      11
      13
       6
       8
      10
       5
      13
      11
      12
       9
      11
       9
       5
       6
       5
      20
       5
       7
       2
      12
       7
      13
      16
       9
      12
       9
       7
       7
       6
       9
       9
      12
      15
      14
      10
       7
      13
       6
      10
       7
       6
      17
       8
       9
       7
      12
      13
       8
       7
       9
       7
       8
      14
      11
      12
      11
       4
      11
       7
       9
      13
      13
      12
       7
       2
      12
       7
      12
       8
       6
       6
       8
      11
       8
       4
       9
      11
       2
       7
      12
       8
      10
      11
       9
      15
      11
      10
       9
      12
      12
       6
       6
      10
       7
       7
       4
       4
       9
      12
      10
       8
       4
       7
       6
       9
       7
      13
      10
       6
      10
       6
      13
       8
      10
       8
       4
      12
       9
       6
       5
       3
      10
       8
       4
       5
       5
       8
       7
       9
       8
      10
       6
       6
       6
       3
       7
      10
      13
       7
      10
       8
      10
      11
      10
       7
       6
       6
       7
       6
       3
      10
       6
       6
       9
       8
       4
       9
       7
       7
       9
       9
       9
       8
       3
      10
      10
       5
       6
       7
      11
       9
       7
      13
       7
       5
       8
       8
      14
       6
       8
       6
       8
       5
       7
       6
       6
       6
       8
      11
       8
      13
       4
       6
       6
       9
       7
       6
       5
       6
       9
       6
       6
       4
       6
       8
       4
       8
       8
       5
       9
       8
       8
       4
       4
       8
       4
       9
       3
       7
       3
       7
       5
       4
      10
      10
       7
       9
       6
      10
       7
       5
       8
       2
       8
       6
       4
      11
      11
      13
       9
      15
      24
      22
      13
      16
      16
       9
       7
       7
      10
       4
       9
       5
      10
       6
       9
       2
       6
       6
       7
       7
       5
       7
      11
      13
      10
       8
      14
       5
       7
       5
       8
       6
       4
       8
       5
       4
       7
       7
       7
       5
       8
      10
       8
       8
       9
       4
       4
       7
       5
      10
       5
       5
       8
       8
       6
       6
       8
       5
       8
       7
       6
       9
       9
       7
      12
       5
       8
       5
       7
      12
       9
      11
       9
      14
      11
      12
      11
      10
       8
      10
       6
       5
       6
       7
       8
       5
       6
      13
      10
       6
       7
      10
      15
      23
      12
      13
      12
       6
       4
      13
       2
       7
       5
      13
       8
       8
       7
       9
       7
       6
       3
       2
       8
       3
       7
      10
      11
       9
       8
       6
       2
      12
       7
       6
      11
       6
       4
       6
       8
       3
       6
       4
       7
       9
       6
       4
       4
       6
       4
       7
       4
       3
       4
      17
       1
       6
       4
       8
      10
       6
       6
      11
       6
      10
       2
       4
       6
       1
       5
       8
       4
       8
       5
       5
       6
      10
       5
       8
       7
       6
       4
       6
       7
      12
       7
       7
       7
       5
       1
       7
       9
       2
       3
       7
       7
       6
       3
       4
       3
       4
       7
       6
       3
       6
       1
       3
       4
       8
       8
       9
       5
       5
       7
       6
       7
      10
       6
       3
       2
      12
       7
       5
       6
       3
       8
       7
       5
       3
       3
       6
       6
       8
       4
       8
       8
       7
       5
       7
       8
       9
       3
       3
       8
       8
       4
       5
       5
       7
       5
       6
       4
       5
       3
      12
       3
       7
       9
      11
      16
      20
      49
     103
     149
     240
     247
     304
     279
     254
     187
     110
      58
      33
      17
       5
       5
       9
       3
       1
       3
       4
       8
       5
       6
       4
       5
       4
       3
       5
       5
       2
       4
       4
       7
       3
       7
       5
       5
       2
       3
       3
       6
       5
       4
       6
       6
       1
       3
       3
       4
       5
       6
       2
       1
       7
       4
       2
       5
       9
       3
       2
       4
       6
       2
       3
       3
       4
       7
       4
       9
       7
       8
       8
       6
       6
       3
       6
       7
       3
       6
       4
       6
       7
       3
       4
       3
       4
       5
       6
       7
       3
       1
       2
       7
       3
       5
       7
       6
       7
       3
       2
       7
       0
       5
       0
       3
       2
       5
       3
       1
       3
       4
       3
       9
       4
       9
       6
       3
       7
       5
       8
       4
       5
       4
       5
       3
       4
       7
       7
       5
       4
       5
       3
       4
       6
       2
       6
       7
       6
       6
       8
       4
       5
       4
       5
       8
       5
       6
       4
       5
       7
      10
      13
      13
      10
      10
      16
      12
       2
      11
       4
       3
       6
       7
       6
       3
       6
       3
       2
       3
       2
       6
       7
       4
       2
       2
       5
       2
       1
       5
       7
       5
       3
       4
       9
       5
       2
       2
       6
       5
      10
       3
       3
       4
       5
       1
       1
       4
       4
       3
       4
       0
       3
       6
       4
       6
       3
       5
       3
       6
       4
       4
       3
       7
       2
       7
       6
       4
       5
       1
       3
       2
       3
       4
       5
       3
       4
       2
       2
       5
       3
       4
       5
       5
       7
       5
       5
       7
       7
       3
       1
       3
       3
       5
       3
       6
       5
       4
       5
       5
       2
       6
       4
       8
       2
       3
       1
       3
       4
       3
       4
       5
       6
       7
       1
       2
       4
       2
       3
       3
       6
       3
       5
       3
       9
       6
       2
       6
       2
       4
       1
       3
       5
       2
       4
       4
       7
       2
       4
       7
       3
       4
       2
       2
       2
       4
       7
       4
       3
       3
       4
       3
       4
       3
       4
      10
       1
       3
       3
       2
       6
       2
       2
       4
       3
       2
       5
       2
       5
       1
       4
       3
       2
       3
       2
       2
       2
       5
       3
       6
       2
       6
       4
       2
       3
       3
       2
       2
       1
       2
       3
       3
       5
       2
       2
       4
       3
       2
       6
       5
       4
       2
       4
       4
       6
       3
       2
       6
       5
       5
       2
       3
       2
       4
       3
       4
       6
       1
       9
       0
       8
       8
       4
       5
       5
       6
       2
       2
       3
       4
       5
       4
      11
       3
       5
       6
       8
       8
       2
       4
       2
       5
       3
       6
       2
       9
      13
      13
      11
       6
       6
       7
       6
       7
       3
       5
       6
      16
      10
      11
      27
      14
      29
      22
      11
      11
      11
       4
       6
       4
       3
       6
       4
       2
       7
       7
       3
       3
       7
       4
       5
       5
       4
       3
       3
       5
       4
       4
       8
       1
       5
       3
       2
       3
       3
       5
       5
       4
       4
       4
       5
       1
       2
       1
       5
       6
       3
       5
       2
       1
       1
       4
       5
       3
       4
       1
       4
       5
       1
       4
       3
       6
       3
       0
       5
       1
       4
       3
       3
       5
       2
       5
       1
       3
       2
       5
       2
       4
       4
       1
       9
       2
       1
       7
       6
       3
       7
      11
       7
      12
       6
       5
       2
       8
       3
       1
       6
       6
       3
       0
       1
       4
       2
       5
       3
       3
       5
       5
       3
       3
       3
       5
       1
       5
       5
       5
       4
       8
       6
       5
       6
       4
       5
       5
       2
       4
       2
       5
       4
       3
       4
       6
       3
       3
       4
       5
       4
       0
       7
       4
       1
       4
       5
       4
       5
       1
       3
       0
       1
       2
       4
       4
       3
       2
       6
       3
       4
       1
       3
       3
       3
       3
       5
       3
       4
       4
       4
       3
       3
       2
       2
       2
       1
       3
       2
       2
       2
       1
       0
       2
       0
       4
       6
       1
       2
       6
       1
       2
       3
       2
       3
       5
       4
       2
       1
       2
       8
       5
       4
       5
       3
       2
       6
       2
       2
       4
       4
       2
       4
       4
       7
      10
       5
       5
       2
       3
       4
       1
       4
       5
       3
       3
       3
       7
       0
       3
       1
       4
       5
       2
       3
       5
       1
       4
       6
       5
       0
       2
       5
       4
       1
       4
       5
       3
       3
       2
       3
       3
       2
       6
       4
       4
       4
       3
       6
       1
       3
       3
       1
       1
       1
       2
       5
       2
       3
       4
       2
       0
       4
       2
       2
       2
       2
       3
       1
       6
       3
       1
       5
       3
       3
       3
       7
       3
       3
       2
       2
       4
       1
       2
       4
       4
       5
       3
       2
       0
       5
       2
       1
       2
       6
       4
       2
       2
       2
       5
       3
       5
       5
       3
       2
       2
       5
       5
       3
       6
       2
       2
       5
       1
       3
       0
       6
       1
       0
       6
       2
       3
       4
       2
       1
       0
       5
       5
       3
       1
       1
       3
       3
       3
       2
       1
       3
       3
       4
       2
       1
       4
       3
       0
       1
       4
       1
       2
       3
       3
       3
       3
       2
       4
       3
       5
       2
       3
       1
       4
       3
       1
       1
       3
       0
       3
       2
       3
       1
       1
       4
       5
       4
       7
       2
       4
       0
       3
       3
       5
       1
       4
       2
       3
       4
       2
       2
       3
       2
       4
       1
       9
       2
       1
       4
       3
       1
       0
       2
       4
       4
       3
       4
       3
       2
       2
       3
       2
       2
       4
       4
       5
       6
      12
      10
       8
      14
      16
       7
       7
       4
       5
       3
       4
       4
       3
       0
       4
       1
       2
       1
       2
       2
       0
       0
       1
       1
       0
       2
       1
       2
       1
       3
       1
       1
       4
       0
       1
       3
       5
       6
       1
       2
       1
       5
       2
       4
       1
       1
       0
       0
       5
       1
       3
       3
       1
       4
       0
       3
       1
       1
       4
       1
       3
       5
       3
       3
       3
       2
       3
       1
       2
       1
       5
       5
       2
       4
       3
       4
       4
       3
       0
       2
       4
       1
       2
       2
       1
       0
       5
       7
       2
       3
       1
       2
       4
       5
       4
       2
       3
       3
       5
       2
       2
       3
       4
       2
       5
      11
      21
      29
      50
      54
      49
      51
      38
      22
      10
      12
       8
       6
       4
       2
       3
       2
       4
       2
       2
       1
       1
       3
       3
       4
       1
       5
       2
       1
       2
       2
       1
       2
       1
       3
       5
       2
       3
       4
       1
       4
       1
       2
       2
       3
       2
       2
       0
       0
       2
       1
       3
       2
       2
       2
       1
       2
       4
       3
       4
       0
       4
       1
       5
       4
       1
       2
       1
       2
       3
       4
       1
       3
       2
       3
       6
       5
       4
       2
       4
       1
       3
       2
       2
       2
       3
       3
       2
       5
       3
       1
       1
       1
       1
       4
       0
       2
       2
       1
       1
       1
       2
       2
       0
       3
       2
       2
       4
       1
       1
       3
       3
       2
       1
       0
       0
       4
       3
       1
       4
       2
       2
       1
       4
       2
       3
       6
       1
       3
       2
       1
       1
       2
       0
       1
       5
       1
       4
       3
       2
       0
       3
       1
       1
       1
       4
       4
       4
       2
       4
       2
       3
       2
       2
       0
       5
       3
       3
       3
       3
       3
       5
       0
       5
       1
       0
       1
       1
       2
       0
       2
       3
       1
       3
       4
       2
       0
       2
       2
       1
       5
       2
       4
       2
       1
       1
       4
       2
       2
       4
       5
       1
       2
       4
       1
       3
       3
       2
       4
       4
       7
       3
       4
       3
       2
       1
       1
       3
       1
       2
       2
       1
       7
       2
       0
       5
       3
       2
       0
       2
       1
       2
       4
       2
       5
       2
       5
       1
       1
       5
       3
       1
       8
       5
       4
       3
       3
       2
       2
       1
       4
       3
       3
       2
       3
       3
       3
       3
       1
       3
       6
       1
       6
       2
       2
       5
       3
      14
       6
      11
       8
      12
       2
       3
       1
       0
       4
       0
       1
       1
       0
       0
       1
       1
       1
       1
       3
       2
       4
       2
       3
       2
       2
       7
       3
       2
       6
       2
       4
       4
       2
       2
       1
       1
       3
       5
       3
       4
       4
       0
       2
       2
       2
       3
       4
       2
       2
       1
       7
       1
       2
       1
       2
       0
       2
       5
       2
       7
       2
       1
       1
       5
       3
       2
       0
       2
       0
       2
       3
       3
       4
       5
       3
       2
       4
       2
       4
       2
       3
       3
       3
       6
       2
       1
       4
       1
       1
       2
       3
       3
       0
       1
       1
       2
       3
       2
       0
       1
       0
       2
       2
       0
       4
       2
       0
       3
       5
       4
       1
       2
       3
       2
       1
       2
       4
       4
       4
       4
       4
       2
       1
       0
       1
       4
       2
       3
       3
       5
       4
       2
       4
       2
       5
       1
       4
       2
       2
       4
       2
       3
       1
       2
       1
       3
       3
       3
       3
       3
       4
       3
       3
       6
       1
       3
       4
       3
       1
       3
       5
       1
       2
       0
       4
       3
       4
       2
       6
       3
       5
       1
       4
       2
       3
       3
       1
       4
       2
       5
       2
       3
       3
       1
       1
       2
       3
       2
       6
       2
       4
       3
       3
       1
       4
       1
       6
       2
       3
       2
       5
       0
       2
       1
       3
       2
       3
       0
       2
       3
       2
       0
       4
       1
       3
       5
       2
       1
       3
       2
       2
       3
       4
       3
       0
       3
       1
       3
       2
       2
       3
       2
       1
       4
       2
       3
       0
       2
       3
       2
       5
       0
       3
       0
       2
       1
       3
       1
       0
       0
       6
       4
       3
       2
       1
       3
       6
       3
       2
       3
       4
       2
       1
       2
       6
       2
       1
       1
       4
       3
       0
       1
       2
       6
       2
       1
       1
       2
       0
       0
       1
       1
       1
       6
       3
       1
       5
       0
       2
       2
       2
       1
       1
       2
       3
       1
       1
       0
       1
       3
       2
       2
       2
       2
       2
       3
       4
       2
       4
       2
       2
       1
       3
       3
       3
       1
       0
       0
       2
       2
       4
       3
       2
       1
       0
       2
       2
       2
       0
       4
       2
       3
       0
       5
       3
       0
       3
       3
       1
       0
       3
       3
       2
       1
       2
       0
       1
       4
       1
       1
       3
       0
       2
       3
       4
       2
       1
       6
       2
       3
       1
       1
       2
       4
       3
       2
       3
       5
       3
       4
       1
       1
       0
       1
       0
       1
       2
       1
       3
       0
       2
       0
       6
       6
       2
       2
       3
       1
       1
       1
       5
       1
       3
       2
       2
       1
       1
       2
       3
       0
       1
       1
       3
       5
       1
       5
       3
       3
       0
       3
       3
       4
       5
       1
       2
       3
       1
       2
       3
       1
       2
       1
       1
       4
       1
       1
       1
       0
       1
       1
       2
       3
       1
       0
       2
       2
       3
       0
       2
       2
       1
       2
       0
       0
       0
       0
       4
       4
       2
       2
       1
       1
       3
       4
       0
       2
       3
       1
       3
       4
       2
       1
       0
       3
       0
       5
       2
       0
       3
       3
       2
       0
       0
       3
       1
       3
       1
       3
       0
       4
       4
       3
       1
       1
       1
       0
       4
       2
       0
       3
       5
       3
       3
       4
       1
       1
       0
       1
       3
       0
       1
       3
       4
       4
       0
       4
       0
       2
       0
       3
       2
       3
       1
       4
       2
       5
       5
       3
       0
       1
       3
       3
       2
       2
       2
       1
       0
       1
       0
       2
       4
       3
       1
       1
       1
       2
       0
       1
       1
       1
       0
       2
       4
       2
       2
       5
       3
       2
       2
       2
       3
       2
       1
       1
       2
       0
       0
       4
       2
       2
       2
       3
       2
       1
       5
       3
       3
       1
       1
       0
       0
       3
       3
       1
       2
       3
       1
       3
       3
       1
       4
       2
       0
       2
       2
       3
       1
       2
       0
       3
       2
       3
       2
       1
       2
       2
       2
       3
       1
       2
       1
       5
       2
       0
       0
       4
       3
       4
       2
       3
       3
       3
       0
       3
       1
       2
       2
       1
       3
       1
       0
       4
       1
       0
       2
       2
       3
       3
       1
       1
       1
       4
       2
       2
       3
       6
       2
       1
       3
       0
       3
       1
       3
       0
       2
       1
       2
       2
       3
       3
       2
       1
       3
       2
       0
       1
       1
       5
       2
       3
       2
       1
       3
       0
       3
       2
       3
       2
       1
       1
       1
       1
       0
       2
       4
       2
       1
       0
       4
       3
       1
       1
       3
       0
       2
       2
       3
       1
       3
       3
       2
       2
       1
       5
       2
       1
       2
       2
       0
       2
       3
       0
       1
       2
       1
       0
       1
       3
       0
       2
       2
       2
       1
       1
       3
       1
       1
       3
       1
       1
       4
       0
       1
       3
       3
       3
       7
       1
       1
       1
       2
       1
       0
       2
       1
       1
       0
       1
       3
       2
       2
       2
       2
       0
       0
       1
       2
       8
       1
       1
       1
       2
       2
       2
       0
       0
       0
       2
       4
       3
       2
       4
       4
       2
       1
       2
       1
       5
       2
       2
       4
       0
       3
       1
       2
       1
       2
       3
       3
       3
       5
       1
       6
       9
       7
       6
      10
      12
       8
       9
      12
       9
       5
       5
       5
       3
       3
       2
       2
       4
       6
       4
       0
       2
       2
       7
       5
       2
       0
       2
       2
       1
       2
       4
       2
       0
       0
       4
       3
       2
       0
       1
       3
       0
       0
       5
       4
       3
       2
       4
       2
       7
       6
       6
       3
       3
       5
       5
       4
       3
       0
       4
       0
       2
       2
       5
       2
       1
       2
       3
       1
       2
       2
       1
       3
       3
       3
       0
       0
       1
       2
       1
       2
       2
       2
       1
       2
       1
       1
       0
       2
       5
       3
       2
       0
       1
       4
       1
       1
       2
       0
       6
       3
       3
       2
       2
       1
       0
       2
       1
       2
       2
       0
       3
       1
       0
       3
       2
       1
       4
       2
       2
       3
       4
       1
       2
       4
       3
       2
       1
       4
       0
       0
       4
       0
       2
       1
       1
       0
       1
       1
       6
       3
       4
       5
       0
       4
       2
       0
       3
       2
       4
       3
       1
       2
       3
       1
       2
       2
       2
       7
       0
       1
       5
       1
       1
       6
       4
       1
       3
       0
       0
       2
       3
       1
       2
       0
       2
       2
       2
       3
       1
       2
       0
       2
       4
       3
       0
       2
       4
       0
       2
       1
       2
       4
       3
       1
       1
       2
       1
       1
       3
       5
       2
       2
       2
       0
       2
       3
       1
       0
       3
       3
       0
       1
       5
       1
       2
       1
       3
       2
       3
       2
       5
       3
       0
       1
       2
       4
       2
       3
       6
       0
       3
       5
       3
       2
       2
       2
       1
       0
       2
       2
       1
       0
       1
       4
       0
       1
       1
       3
       3
       1
       1
       1
       2
       1
       2
       6
       1
       6
       1
       1
       1
       2
       1
       0
       1
       4
       2
       3
       1
       5
       3
       5
       0
       3
       2
       5
       2
       1
       1
       1
       1
       1
       2
       1
       1
       1
       2
       2
       5
       2
       4
       4
       1
       0
       1
       3
       5
       3
       2
       7
       4
       1
       2
       2
       1
       1
       2
       3
       2
       9
      12
       9
      12
      13
       9
       8
       7
      11
       8
       5
       4
       1
       1
       3
       2
       2
       1
       1
       0
       7
       4
       1
       1
       1
       2
       2
       3
       2
       0
       1
       0
       1
       1
       2
       2
       1
       2
       0
       1
       1
       3
       1
       2
       5
       2
       3
       1
       2
       3
       0
       3
       6
       1
       5
       0
       2
       3
       3
       1
       0
       1
       3
       1
       1
       3
       1
       4
       1
       4
       3
       1
       1
       3
       2
       1
       1
       4
       2
       3
       2
       1
       2
       3
       0
       2
       2
       2
       5
       4
       0
       2
       1
       0
       1
       1
       2
       0
       2
       4
       1
       0
       4
       2
       3
       1
       1
       1
       0
       4
       3
       3
       0
       2
       4
       1
       3
       1
       1
       3
       2
       3
       3
       2
       3
       1
       2
       1
       0
       3
       4
       0
       0
       1
       1
       4
       3
       3
       1
       3
       3
       3
       0
       1
       1
       3
       5
       4
       1
       2
       2
       1
       1
       3
       0
       3
       1
       4
       4
       3
       5
       2
       1
       3
       2
       1
       3
       0
       1
       2
       3
       1
       1
       1
       1
       1
       3
       0
       2
       0
       2
       2
       3
       1
       4
       0
       3
       1
       2
       1
       3
       4
       1
       2
       6
       3
       2
       2
       3
       0
       0
       1
       4
       1
       2
       4
       2
       7
       1
       3
       5
       2
       4
       4
       4
       2
       3
       4
       1
       2
       6
       4
       2
       2
       1
       3
       4
       0
       0
       3
       0
       2
       4
       4
       1
       2
       4
       1
       3
       1
       5
       0
       5
       1
       2
       1
       2
       1
       3
       2
       1
       5
       2
       1
       4
       3
       3
       4
       5
       2
       4
       3
       0
       3
       0
       3
       2
       4
       2
       2
       4
       2
       4
       2
       0
       3
       6
       1
       2
       5
       2
       3
       4
       1
       1
       0
       1
       1
       2
       4
       2
       2
       3
       2
       1
       2
       1
       2
       2
       1
       4
       2
       3
       1
       1
       2
       4
       5
       1
       1
       2
       2
       4
       2
       2
       3
       3
       2
       3
       0
       2
       0
       1
       4
       0
       0
       2
       2
       0
       1
       1
       1
       1
       2
       1
       3
       4
       2
       0
       1
       1
       3
       1
       0
       1
       3
       4
       5
       2
       3
       1
       2
       3
       3
       1
       5
       2
       3
       2
       2
       1
       3
       1
       4
       2
       2
       3
       2
       4
       3
       0
       0
       2
       1
       2
       1
       1
       1
       1
       2
       1
       2
       3
       1
       0
       3
       6
       1
       1
       0
       3
       3
       2
       5
       2
       4
       1
       4
       1
       2
       4
       1
       0
       4
       1
       4
       7
       3
       2
       4
       2
       0
       0
       1
       4
       4
       1
       3
       3
       0
       4
       1
       1
       4
       2
       1
       5
       4
       1
       2
       2
       3
       3
       1
       1
       4
       1
       1
       1
       1
       4
       4
       0
       4
       2
       4
       4
       1
       1
       6
       1
       1
       2
       2
       1
       5
       1
       2
       1
       3
       4
       3
       2
       3
       3
       6
       2
       3
       1
       0
       4
       3
       4
       2
       1
       2
       3
       1
       2
       1
       1
       0
       2
       2
       2
       2
       5
       2
       2
       2
       1
       0
       0
       3
       3
       1
       4
       4
       2
       1
       0
       1
       3
       1
       1
       2
       2
       2
       2
       2
       1
       0
       2
       3
       4
       2
       3
       1
       0
       3
       5
       4
       1
       0
       4
       0
       4
       0
       0
       3
       1
       2
       1
       0
       2
       2
       0
       2
       2
       3
       1
       3
       0
       3
       7
       2
       4
       5
       3
       2
       2
       0
       5
       1
       0
       1
       2
       4
       1
       2
       1
       2
       2
       2
       1
       2
       1
       1
       1
       0
       1
       2
       0
       1
       1
       0
       3
       0
       2
       2
       2
       1
       3
       2
       2
       3
       2
       0
       0
       5
       2
       0
       1
       0
       3
       1
       3
       1
       4
       3
       0
       3
       2
       1
       1
       5
       1
       1
       0
       3
       0
       2
       1
       0
       1
       1
       1
       0
       0
       0
       2
       2
       0
       0
       1
       1
       0
       0
       5
       1
       1
       2
       3
       0
       0
       0
       2
       1
       2
       3
       1
       2
       3
       1
       1
       2
       1
       0
       0
       0
       6
       3
       2
       2
       1
       1
       1
       1
       0
       0
       2
       0
       3
       1
       1
       0
       2
       1
       2
       2
       2
       3
       2
       3
       2
       2
       0
       1
       1
       0
       0
       1
       0
       3
       1
       2
       1
       0
       3
       0
       1
       2
       0
       0
       1
       2
       2
       1
       1
       1
       1
       5
       2
       1
       0
       2
       1
       1
       1
       2
       3
       1
       1
       0
       2
       1
       1
       0
       0
       2
       1
       0
       0
       1
       1
       2
       1
       1
       2
       1
       2
       2
       0
       0
       1
       1
       2
       3
       0
       1
       1
       1
       0
       1
       2
       3
       2
       5
       4
       1
       6
       4
       2
       3
       5
       1
       4
       1
       2
       1
       1
       1
       1
       0
       0
       0
       3
       1
       1
       0
       1
       0
       1
       1
       0
       0
       0
       2
       0
       3
       0
       2
       0
       2
       2
       1
       3
       0
       0
       1
       0
       3
       0
       0
       1
       1
       2
       2
       0
       1
       3
       3
       1
       1
       2
       1
       0
       2
       0
       2
       1
       1
       1
       0
       0
       0
       1
       0
       0
       1
       1
       0
       0
       1
       0
       2
       2
       1
       1
       1
       0
       0
       0
       2
       0
       1
       1
       1
       2
       2
       1
       1
       1
       0
       1
       0
       1
       2
       1
       2
       2
       2
       1
       2
       0
       0
       0
       1
       0
       2
       0
       0
       0
       0
       0
       1
       1
       2
       0
       0
       0
       0
       0
       0
       0
       0
       0
       1
       1
       0
       0
       0
       0
       1
       2
       1
       2
       0
       1
       0
       2
       2
       3
       0
       0
       0
       1
       0
       0
       0
       1
       1
       0
       0
       0
       2
       1
       0
       1
       0
       0
       1
       0
       0
       0
       0
       0
       1
       1
       0
       1
       0
       0
       1
       1
       3
       1
       0
       1
       0
       1
       0
       3
       1
       1
       0
       1
       1
       0
       0
       1
       0
       0
       0
       1
       0
       1
       0
       0
       1
       2
       2
       0
       0
       0
       1
       1
       1
       3
       1
       0
       2
       0
       0
       0
       0
       0
       0
       0
       0
       2
       0
       0
       0
       1
       0
       2
       1
       0
       0
       0
       0
       0
       0
       0
       0
       1
       2
       0
       1
       1
       0
       0
       0
       0
       1
       0
       0
       0
       1
       0
       0
       0
       1
       0
       1
       0
       0
       0
       0
       0
       0
       0
       1
       0
       0
       0
       1
       1
       0
       2
       1
       0
       0
       0
       0
       0
       0
       0
       1
       1
       0
       0
       0
       0
       1
       1
       0
       0
       0
       0
       0
       0
       0
       0
       0
       0
       0
       0
       0
       0
       1
       0
       1
       0
       1
       1
       1
       1
       0
       1
       1
       0
       0
       0
       0
       0
       0
       0
       1
       1
       0
       1
       0
       1
       1
       0
       0
       0
       0
       1
       0
       1
       0
       0
       0
       0
       1
       0
       0
       0
       0
       1
       0
       0
       0
       0
       0
       0
       0
       1
       0
       0
       0
       0
       0
       3
       0
       1
       2
       1
       0
       2
       0
       0
       0
       0
       0
       0
       0
       2
       0
       0
       0
       0
       1
       1
       0
       0
       1
       0
       0
       1
       0
       0
       2
       1
       2
       0
       0
       0
       0
       0
       0
       2
       0
       0
       1
       0
       0
       0
       0
       0
       1
       0
       1
       0
       0
       1
       0
       1
       0
       0
       0
       0
       1
       0
       1
       0
       0
       1
       0
       0
       0
       1
       0
       0
       0
       0
       2
       0
       1
       0
       0
       2
       0
       0
       0
       0
       1
       1
       0
       0
       0
       0
       0
       0
       0
       0
       0
       0
       0
       0
       0
       0
       0
       3
       0
       0
       0
       1
       0
       0
       0
       0
       0
       0
       0
       0
       0
       1
       0
       0
       0
       0
       0
       0
       0
       0
       1
       0
       0
       0
       1
       1
       0
       2
       0
       0
       0
       0
       0
       0
       0
       1
       0
       0
       0
       0
       1
       3
       1
       0
       0
       2
       2
       3
      11
      19
      16
      20
      33
      64
      51
      52
      72
      55
      36
      31
      11
      13
       5
       4
       1
       1
       2
       0
       1
       0
       1
       0
       0
       0
       0
       0
       0
       0
       0
       0
       0
       0
       1
       0
       0
       0
       1
       1
       0
       0
       0
       1
       1
       0
       1
       1
       0
       0
       0
       0
       0
       0
       1
       0
       0
       1
       0
       0
       0
       0
       0
       0
       1
       0
       0
       0
       0
       0
       1
       0
       0
       0
       0
       0
       0
       0
       0
       1
       1
       1
       0
       0
       0
       0
       0
       0
       0
       1
       0
       0
       1
       0
       0
       0
       1
       1
       0
       0
       2
       0
       0
       0
       0
       1
       1
       1
       0
       0
       1
       2
       0
       0
       0
       0
       1
       0
       0
       0
       0
       1
       0
       0
       1
       0
       0
       0
       1
       0
       0
       0
       0
       0
       0
       0
       1
       0
       0
       0
       0
       2
       0
       0
       2
       0
       0
       0
       0
       1
       0
       0
       1
       0
       1
       0
       0
       0
       0
       0
       1
       0
       1
       0
       0
       0
       0
       0
       0
       0
       0
       0
       0
       0
       0
       0
       0
       0
       1
       1
       0
       0
       0
       0
       1
       0
       1
       2
       0
       0
       0
       0
       0
       0
       0
       0
       1
       1
       0
       0
       1
       1
       0
       1
       0
       1
       2
      81
     802
    1150
    1135
    1133
    1163
    1110
    1081
    1148
    1158
    1067
$ROI:
0
$PRESETS:
None
0
0
$ENER_FIT:
29.588329 2.085281
$MCA_CAL:
3
2.958833E+001 2.085281E+000 0.000000E+000
$SHAPE_CAL:
3
4.557019E+000 2.304741E-003 0.000000E+000
