$SPEC_ID:
No sample description was entered.
$SPEC_REM:
DET# 1
DETDESC# DESKTOP-LO9J119 MCB 337
AP# Maestro Version 5.35.01
$DATE_MEA:
01/26/2026 11:36:09
$MEAS_TIM:
341 383
$DATA:
0 8191
     517
     487
     456
     482
     461
     429
     462
     466
     439
     424
     431
     431
     442
     452
     423
     373
     390
     411
     388
     360
     403
     400
     381
     387
     391
     358
     402
     372
     367
     365
     377
     335
     376
     352
     352
     390
     310
     303
     298
     347
     359
     320
     347
     318
     328
     324
     329
     313
     305
     279
     329
     282
     307
     336
     341
     329
     321
     322
     321
     291
     300
     329
     290
     308
     285
     312
     316
     275
     297
     323
     325
     284
     295
     260
     264
     268
     293
     276
     252
     324
     268
     279
     239
     287
     253
     249
     270
     245
     246
     249
     228
     241
     253
     251
     244
     241
     227
     249
     236
     256
     215
     246
     229
     241
     253
     245
     255
     246
     247
     238
     231
     229
     255
     214
     226
     232
     232
     230
     214
     222
     222
     237
     249
     237
     203
     204
     221
     225
     232
     200
     231
     244
     179
     199
     240
     217
     177
     239
     184
     220
     193
     198
     186
     216
     214
     218
     193
     202
     210
     225
     206
     223
     210
     191
     231
     212
     208
     204
     211
     205
     198
     195
     197
     209
     186
     172
     224
     184
     192
     220
     229
     182
     181
     200
     208
     204
     203
     205
     212
     223
     217
     195
     199
     212
     197
     216
     217
     198
     199
     196
     198
     212
     212
     196
     214
     189
     189
     213
     226
     232
     210
     189
     207
     185
     212
     218
     241
     221
     222
     237
     237
     239
     263
     273
     259
     244
     272
     244
     290
     233
     265
     302
     245
     261
     276
     269
     244
     224
     255
     267
     250
     266
     274
     280
     248
     251
     262
     256
     247
     271
     240
     230
     259
     262
     256
     261
     252
     268
     259
     250
     237
     255
     234
     265
     257
     253
     245
     262
     253
     269
     261
     273
     267
     231
     258
     262
     273
     275
     262
     256
     284
     279
     267
     269
     253
     269
     256
     267
     263
     282
     288
     264
     291
     253
     251
     274
     249
     255
     237
     273
     321
     271
     286
     277
     274
     312
     261
     307
     273
     278
     336
     279
     311
     295
     259
     310
     299
     283
     301
     287
     313
     361
     319
     323
     307
     307
     307
     317
     294
     326
     330
     335
     370
     360
     438
     695
    1367
    2921
    5089
    6888
    7154
    5680
    3467
    1769
     813
     481
     390
     355
     349
     365
     306
     285
     259
     229
     226
     222
     231
     219
     210
     219
     206
     233
     220
     201
     185
     188
     198
     202
     202
     199
     221
     194
     208
     185
     211
     208
     226
     179
     182
     182
     196
     197
     185
     198
     178
     201
     202
     199
     218
     196
     192
     204
     163
     220
     189
     187
     166
     178
     205
     176
     210
     189
     213
     188
     173
     190
     209
     223
     189
     218
     173
     197
     194
     190
     216
     196
     213
     216
     221
     234
     216
     215
     240
     215
     211
     230
     212
     232
     259
     237
     187
     194
     212
     218
     212
     198
     207
     211
     197
     198
     180
     220
     197
     247
     214
     194
     216
     201
     211
     204
     210
     202
     199
     181
     198
     225
     205
     191
     221
     188
     214
     170
     167
     189
     217
     201
     180
     193
     187
     177
     187
     168
     193
     201
     205
     204
     198
     179
     239
     210
     199
     196
     202
     190
     201
     198
     189
     185
     197
     194
     167
     166
     185
     180
     192
     176
     200
     205
     190
     184
     210
     205
     208
     155
     197
     184
     208
     205
     185
     185
     188
     176
     186
     167
     191
     172
     195
     181
     203
     171
     196
     195
     192
     205
     189
     202
     202
     190
     163
     198
     181
     193
     163
     179
     193
     188
     161
     187
     176
     152
     179
     172
     189
     179
     194
     198
     179
     185
     180
     199
     189
     190
     200
     184
     205
     188
     170
     185
     190
     191
     192
     161
     187
     180
     173
     198
     174
     198
     180
     178
     172
     165
     164
     173
     167
     175
     189
     167
     181
     178
     160
     171
     179
     161
     204
     168
     138
     153
     156
     151
     174
     187
     137
     176
     152
     174
     160
     155
     161
     184
     162
     139
     152
     167
     143
     176
     167
     158
     179
     160
     157
     150
     158
     171
     161
     127
     163
     159
     140
     134
     169
     164
     140
     164
     146
     162
     162
     159
     147
     167
     167
     148
     156
     146
     178
     146
     149
     150
     140
     134
     141
     163
     144
     171
     159
     124
     141
     159
     139
     146
     169
     147
     165
     142
     132
     142
     145
     131
     167
     147
     124
     139
     156
     138
     139
     147
     127
     120
     140
     130
     152
     125
     153
     148
     125
     139
     125
     126
     137
     144
     144
     132
     122
     150
     131
     128
     142
     124
     144
     126
     133
     118
     144
     154
     115
     108
     128
     140
     151
     127
     140
     149
     145
     130
     152
     149
     153
     115
     126
     143
     126
     144
     156
     194
     321
     668
    1035
    1377
    1411
    1247
     902
     495
     319
     208
     152
     134
     161
     150
     151
     150
     130
     116
     103
     120
     133
     103
     130
     124
     107
     115
     121
     111
      97
     139
     105
      98
     118
      87
      95
      87
     105
     100
     105
     101
      94
     104
     124
      99
      94
      86
      94
     107
      93
      96
     121
     101
     100
      96
     104
      95
     101
      89
     117
      93
      95
     105
     109
      98
      84
      85
      93
     106
      90
      82
     132
     105
      98
      94
     107
      91
      97
      84
      91
     116
      80
      99
      87
      97
     114
     107
     105
     108
      87
      94
     100
     101
      84
      85
      82
      88
      98
     100
     114
      84
      91
      91
      88
      83
      80
      92
      93
      74
      84
      76
     102
      95
      87
      89
      98
      91
      90
      90
      81
      94
      83
      91
      83
      76
      89
      92
      85
      91
      87
      83
      84
      92
      91
      92
      85
      82
      95
      69
      81
      83
      87
      81
      92
      89
      74
      82
      81
      88
      81
      83
      81
      97
      85
      86
      97
     100
      81
      88
     106
     115
     130
     141
     146
     153
     125
      99
      85
      88
      84
      82
      71
      95
      95
      76
      87
      89
      76
      91
      85
      75
      97
      69
      87
      79
      77
      87
      86
      79
      85
      75
      79
      77
      72
      84
      94
      79
      75
      89
      81
      82
      74
      75
      78
      76
      74
      75
      81
      74
      83
      89
      68
      67
      90
      82
      84
      79
      80
      84
      78
      89
     101
      98
      81
      83
      62
      80
      89
      74
      66
      69
      76
      58
      91
      82
      77
      76
      82
      73
      78
      94
      76
      77
      61
      77
      77
      77
      75
      83
      78
      72
      76
      94
      64
      71
      65
      81
      72
      71
      69
      65
      97
      96
      88
      90
     117
      96
      88
      79
      86
      80
      68
      72
     103
      75
      81
      86
      70
      71
      75
      75
      88
      80
      62
      50
      75
      75
      86
      79
      75
      62
      76
      71
      76
      84
      68
      81
      79
      70
      85
      95
      74
      94
      75
      92
     105
     191
     392
     992
    1710
    2767
    3424
    3400
    2513
    1679
     810
     397
     200
     166
     137
     132
     156
     127
     100
     104
      84
      90
      83
      64
      68
      52
      69
      85
      66
      75
      86
      65
      74
      59
      73
      82
      65
      65
      55
      54
      61
      62
      55
      54
      56
      51
      64
      62
      69
      61
      78
      72
      64
      56
      56
      66
      64
      61
      48
      64
      53
      51
      63
      65
      63
      58
      57
      65
      50
      51
      69
      52
      69
      80
      74
     103
     112
     144
     143
     145
     138
     104
      85
      83
      76
      57
      67
      67
      62
      53
      61
      57
      57
      78
      53
      66
      60
      56
      53
      65
      57
      60
      56
      50
      51
      55
      59
      57
      60
      54
      61
      57
      70
      65
      62
      62
      52
      34
      50
      62
      59
      61
      65
      57
      65
      48
      65
      55
      42
      54
      55
      63
      57
      64
      68
      70
      78
      48
      57
      56
      44
      51
      57
      42
      42
      46
      47
      49
      52
      69
      51
      65
      51
      62
      59
      45
      55
      50
      51
      64
      55
      45
      44
      44
      53
      51
      41
      54
      63
      49
      50
      57
      49
      54
      64
      50
      71
      51
      47
      57
      52
      56
      56
      46
      47
      58
      50
      54
      54
      43
      66
      44
      57
      47
      47
      73
      58
      60
      44
      53
      49
      44
      58
      48
      48
      60
      42
      71
      90
     105
     186
     249
     285
     248
     174
     145
      87
      67
      60
      47
      60
      45
      54
      63
      46
      55
      55
      55
      71
      61
      60
      46
      49
      71
      67
      57
      57
      48
      69
      44
      54
      38
      44
      55
      52
      67
      56
      55
      54
      53
      48
      46
      50
      53
      55
      44
      50
      53
      41
      49
      55
      65
      57
      47
      60
      39
      46
      59
      51
      49
      54
      44
      43
      53
      55
      51
      53
      52
      51
      56
      49
      53
      47
      56
      42
      47
      49
      46
      59
      56
      46
      51
      43
      57
      55
      54
      59
      55
      51
      61
      46
      48
      56
      57
      46
      44
      56
      52
      56
     102
     132
     214
     334
     332
     319
     266
     179
     107
      74
      68
      62
      70
      58
      56
      67
      65
      52
      51
      63
      50
      55
      55
      57
      49
      44
      40
      57
      49
      55
      54
      43
      49
      58
      56
      41
      41
      50
      51
      45
      58
      47
      45
      50
      50
      53
      46
      52
      47
      56
      46
      67
      58
      43
      54
      53
      52
      47
      53
      50
      49
      60
      49
      59
      53
      52
      57
      48
      63
      55
      35
      38
      58
      50
      52
      43
      49
      53
      55
      46
      49
      52
      62
      53
      60
      59
      60
      49
      44
      58
      46
      44
      39
      45
      55
      46
      62
      44
      53
      50
      57
      35
      54
      46
      59
      35
      59
      40
      47
      42
      57
      41
      46
      59
      53
      49
      55
      58
      44
      59
      37
      63
      53
      51
      52
      46
      46
      33
      43
      49
      65
      46
      49
      55
      52
      55
      57
      48
      64
      64
      79
      88
      77
     101
      57
      60
      72
      52
      60
      57
      59
      55
      54
      60
      55
      48
      45
      60
      45
      62
      58
      51
      39
      62
      48
      51
      36
      55
      53
      47
      66
      43
      43
      41
      67
      60
      51
      51
      40
      38
      49
      47
      49
      60
      42
      55
      56
      65
      55
      52
      61
      57
      48
      48
      54
      57
      64
      56
      53
      46
      37
      51
      47
      49
      57
      52
      54
      66
      50
      51
      54
      53
      53
      61
      51
      49
      56
      44
      57
      41
      53
      58
      48
      54
      46
      49
      58
      48
      54
      57
      47
      50
      48
      50
      58
      49
      57
      49
      46
      60
      60
      56
      66
      39
      45
      57
      39
      57
      60
      45
      49
      50
      39
      53
      46
      57
      49
      54
      41
      54
      52
      67
      53
      50
      46
      48
      56
      41
      50
      43
      58
      52
      51
      60
      39
      46
      48
      51
      77
      62
      56
      55
      47
      48
      50
      57
      40
      62
      60
      65
      48
      59
      49
      57
      61
      64
      54
      51
      53
      51
      38
      52
      54
      45
      58
      46
      47
      58
      37
      56
      49
      54
      57
      58
      51
      52
      47
      46
      60
      55
      54
      50
      52
      44
      69
      34
      50
      63
      58
      48
      54
      53
      45
      49
      44
      59
      50
      45
      52
      47
      49
      52
      61
      51
      49
      53
      61
      58
      40
      61
      42
      43
      63
      41
      46
      56
      39
      45
      54
      55
      64
      41
      51
      47
      44
      54
      50
      49
      52
      69
      73
      64
      79
      87
      81
      84
      49
      58
      54
      63
      64
      61
      73
      53
      54
      62
      56
      42
      57
      41
      61
      61
      47
      50
      70
      53
      57
      64
      57
      56
      57
      56
      57
      54
      49
      49
      53
      66
      52
      54
      45
      59
      53
      41
      57
      42
      44
      64
      52
      48
      54
      41
      58
      47
      50
      42
      56
      52
      41
      53
      56
      48
      46
      61
      65
      44
      55
      56
      64
      52
      58
      78
      82
      77
      80
      64
      47
      49
      57
      56
      44
      47
      31
      53
      49
      44
      47
      48
      58
      57
      54
      54
      46
      53
      52
      42
      50
      60
      47
      52
      39
      48
      37
      47
      50
      37
      49
      42
      49
      45
      36
      52
      38
      46
      45
      58
      56
      42
      36
      46
      35
      51
      40
      44
      54
      42
      29
      43
      47
      58
      43
      47
      41
      42
      40
      37
      38
      39
      35
      53
      67
      47
      61
      59
      57
      40
      48
      39
      47
      40
      50
      47
      44
      40
      39
      45
      37
      51
      38
      43
      37
      43
      43
      54
      55
      45
      46
      44
      42
      56
      54
      35
      49
      45
      47
      36
      41
      59
      52
      50
      42
      51
      44
      58
      35
      33
      36
      53
      46
      47
      48
      45
      34
      28
      46
      45
      48
      42
      42
      49
      36
      44
      40
      45
      41
      35
      40
      45
      37
      37
      41
      34
      40
      41
      45
      30
      33
      51
      48
      40
      54
      46
      48
      33
      54
      46
      37
      45
      48
      44
      52
      47
      54
      52
      38
      52
      44
      45
      44
      30
      40
      41
      39
      47
      36
      40
      58
      35
      57
      47
      50
      53
      42
      45
      40
      53
      47
      42
      44
      43
      52
      43
      51
      39
      39
      46
      45
      49
      39
      41
      43
      42
      44
      37
      41
      44
      46
      36
      51
      38
      40
      53
      34
      48
      46
      44
      59
      56
      46
      53
      35
      44
      37
      41
      34
      51
      41
      40
      43
      28
      44
      51
      51
      37
      36
      48
      45
      47
      43
      39
      53
      49
      39
      51
      45
      55
      50
      38
      41
      40
      31
      37
      35
      49
      38
      41
      41
      47
      46
      51
      42
      44
      55
      49
      43
      40
      47
      45
      44
      41
      38
      39
      42
      53
      56
      56
      53
      35
      51
      43
      41
      43
      45
      62
      68
      59
      57
      61
      70
      48
      49
      50
      46
      41
      34
      39
      44
      54
      43
      44
      42
      42
      42
      39
      35
      43
      42
      49
      50
      48
      39
      48
      45
      47
      51
      63
      69
      59
      99
      82
      71
      60
      43
      46
      56
      34
      30
      36
      36
      39
      41
      45
      48
      32
      49
      43
      32
      36
      46
      34
      48
      38
      38
      45
      31
      48
      35
      39
      32
      36
      51
      40
      40
      32
      41
      41
      44
      40
      41
      48
      48
      42
      36
      45
      46
      34
      53
      25
      52
      40
      48
      33
      42
      40
      37
      39
      28
      38
      42
      38
      43
      42
      32
      43
      39
      44
      47
      39
      42
      43
      59
      47
      36
      57
      60
      49
      46
      47
      39
      41
      46
      46
      45
      49
      34
      30
      55
      48
      32
      53
      57
      58
      55
      55
      57
      63
      36
      50
      49
      37
      33
      42
      49
      50
      41
      48
      51
      42
      34
      44
      40
      44
      34
      48
      44
      55
      44
      51
      36
      48
      36
      53
      43
      43
      39
      36
      48
      33
      54
      42
      35
      40
      43
      40
      36
      43
      49
      48
      40
      35
      43
      36
      50
      43
      34
      55
      35
      37
      50
      42
      41
      35
      56
      38
      41
      39
      41
      32
      63
      53
      47
      36
      54
      33
      50
      48
      50
      39
      48
      42
      47
      44
      35
      41
      42
      31
      53
      40
      48
      48
      45
      37
      47
      37
      42
      43
      51
      45
      43
      44
      42
      42
      44
      49
      44
      42
      55
      44
      41
      43
      50
      48
      56
      37
      46
      39
      51
      48
      42
      48
      37
      41
      35
      56
      51
      36
      40
      46
      44
      29
      36
      40
      40
      37
      32
      47
      53
      36
      46
      45
      53
      51
      47
      49
      48
      39
      48
      37
      40
      24
      37
      32
      42
      42
      33
      41
      33
      51
      34
      48
      38
      38
      40
      41
      36
      49
      41
      28
      32
      31
      36
      37
      36
      37
      42
      39
      34
      48
      43
      55
      84
     138
     269
     350
     581
     630
     680
     508
     372
     219
     135
      73
      55
      61
      56
      46
      50
      41
      44
      41
      33
      42
      45
      39
      49
      29
      36
      33
      29
      40
      34
      37
      33
      40
      32
      35
      41
      40
      38
      36
      40
      32
      36
      36
      33
      21
      28
      32
      32
      32
      41
      39
      37
      32
      32
      38
      43
      37
      36
      31
      33
      32
      33
      43
      39
      31
      36
      37
      31
      41
      38
      27
      27
      48
      40
      37
      48
      40
      33
      32
      36
      39
      34
      46
      49
      36
      34
      32
      35
      37
      38
      35
      26
      30
      41
      28
      34
      40
      35
      62
      29
      44
      50
      57
      57
      53
      37
      27
      29
      29
      32
      31
      33
      41
      24
      31
      27
      32
      38
      25
      49
      42
      38
      42
      25
      30
      39
      32
      25
      36
      32
      34
      30
      24
      44
      44
      31
      34
      51
      34
      41
      35
      38
      33
      33
      32
      26
      33
      40
      34
      59
      27
      41
      40
      42
      30
      32
      31
      34
      45
      35
      51
      36
      37
      44
      43
      28
      39
      41
      36
      33
      36
      34
      29
      34
      39
      27
      38
      21
      31
      40
      35
      37
      30
      44
      47
      40
      36
      40
      33
      36
      33
      37
      36
      40
      32
      37
      49
      48
      41
      47
      54
      40
      35
      41
      34
      32
      45
      39
      41
      37
      46
      34
      35
      37
      42
      37
      34
      33
      36
      40
      29
      36
      41
      30
      42
      32
      32
      30
      39
      38
      31
      40
      38
      38
      38
      30
      28
      38
      36
      29
      41
      41
      35
      32
      28
      32
      25
      32
      30
      42
      28
      40
      28
      27
      38
      30
      35
      35
      35
      28
      37
      37
      37
      40
      36
      35
      29
      39
      42
      39
      46
      38
      49
      74
     101
     160
     171
     199
     184
     145
     115
      65
      56
      55
      47
      41
      36
      44
      41
      46
      34
      44
      44
      40
      42
      34
      38
      39
      36
      52
      47
      27
      26
      40
      37
      34
      28
      37
      35
      40
      42
      36
      38
      51
      41
      38
      30
      30
      32
      33
      33
      35
      23
      40
      37
      34
      43
      27
      25
      35
      32
      35
      33
      34
      23
      31
      27
      22
      25
      35
      32
      36
      32
      23
      31
      36
      27
      28
      32
      27
      30
      26
      29
      28
      25
      34
      36
      31
      30
      22
      34
      41
      24
      36
      28
      28
      39
      37
      44
      25
      37
      48
      36
      26
      22
      35
      31
      30
      36
      33
      32
      41
      40
      28
      27
      26
      42
      34
      20
      30
      33
      29
      26
      35
      30
      26
      35
      33
      39
      33
      27
      26
      28
      16
      23
      20
      23
      34
      36
      24
      25
      24
      22
      35
      25
      32
      23
      24
      23
      24
      25
      24
      24
      29
      26
      33
      23
      20
      24
      39
      27
      24
      26
      21
      28
      28
      43
      42
      36
      35
      30
      29
      32
      31
      25
      31
      19
      16
      21
      27
      15
      31
      22
      36
      22
      31
      18
      34
      32
      20
      28
      35
      31
      29
      27
      29
      25
      21
      23
      17
      18
      32
      23
      26
      22
      23
      20
      19
      21
      26
      25
      19
      30
      36
      18
      31
      19
      23
      22
      15
      21
      25
      35
      15
      29
      22
      22
      20
      15
      19
      27
      22
      28
      19
      17
      22
      17
      23
      32
      20
      18
      15
      24
      23
      11
      17
      22
      26
      25
      29
      24
      25
      24
      23
      19
      16
      11
      21
      17
      18
      26
      16
      25
      25
      28
      22
      23
      24
      27
      18
      17
      18
      18
      24
      14
      27
      33
      17
      15
      20
      26
      26
      18
      26
      26
      19
      15
      20
      15
      21
      18
      24
      21
      22
      22
      12
      22
      28
      45
      70
     118
     187
     341
     454
     551
     553
     483
     341
     224
     159
      89
      54
      33
      45
      33
      21
      27
      29
      25
      22
      18
      22
      32
      26
      18
      23
      17
      28
      15
      20
      18
      13
      17
      21
      23
      17
      24
      21
      26
      15
      20
      21
      22
      17
      13
      17
      27
      12
      13
      18
      17
      13
      19
      25
      13
      13
      17
      19
      13
      13
      16
      20
      25
      22
      17
      18
      15
      17
      16
      18
      17
      14
      16
      22
      16
      15
      23
      25
      16
      16
      18
      21
      19
      21
      23
      15
      21
      24
      14
      14
      12
      18
      14
      21
      13
      20
      16
      20
      12
      22
      15
      18
      23
      13
      11
      17
      20
      20
      24
      19
      16
      21
      16
      25
      19
      10
      17
      23
      16
      18
      18
      11
      20
      21
      10
      18
      17
      22
      31
      32
      31
      37
      41
      33
      27
      24
      32
      21
      15
      11
      14
      17
      12
      28
      17
      16
      15
      14
      15
      12
      14
      15
      14
      20
      16
      18
      13
      18
      12
      13
      18
      20
      25
      13
      13
      14
      11
      15
      18
      14
      22
      15
      14
      13
      14
      13
      16
      21
       5
      11
      16
      17
      19
       9
      18
      16
      19
      15
      19
      18
      14
      22
      15
      13
       8
      15
      21
      11
      15
      19
       6
      13
      12
      17
      12
      12
      24
      11
      13
      16
      10
      17
      15
      18
      16
      13
      19
      16
      17
      19
      16
      18
      19
      13
      11
      17
      10
       9
      18
      20
      16
      13
      23
      20
      17
      19
      19
      13
      14
      15
      11
      15
      16
      14
      12
      16
      16
      20
      17
       9
      17
      17
      13
      16
      14
      11
      12
      12
      17
      10
      14
      12
      17
      11
      16
      15
      10
      22
      13
      17
      19
      11
      13
      19
      21
      20
      13
      17
      21
      10
      18
      13
      17
      11
      15
       9
      25
      16
      15
      16
      14
      18
      28
      13
      15
       9
      13
      18
      14
      13
      15
      18
      19
      20
      16
      15
      19
      17
      17
      16
      15
       7
      18
      16
      19
      15
      23
      12
      24
      15
       8
      12
      13
      19
      20
      14
      11
      11
      15
      19
      14
       9
      13
      21
      17
      10
      17
      14
      15
      18
      17
      13
      16
      15
      11
      12
      11
      23
      15
      14
      13
      19
      22
      15
      13
      16
      20
      14
      13
      24
      12
      12
       9
      24
      21
      19
      14
      22
      20
      24
      17
      24
      14
      39
      61
      94
     144
     204
     278
     378
     356
     331
     249
     122
      91
      65
      53
      42
      66
      51
      64
      66
      68
      57
      52
      31
      28
      21
      15
      20
      25
      17
      17
      11
      15
      13
      20
      12
       8
      13
      19
      18
      19
      18
      12
      12
      17
      21
      15
      16
      15
      17
      16
      15
      12
      11
      15
      13
      25
      20
      18
      14
      19
      13
      14
      12
      12
      18
      26
      13
      16
      10
      11
      13
      19
      14
       6
      14
      15
      18
      23
      21
      23
      24
      34
      65
     120
     185
     262
     363
     442
     456
     364
     271
     182
     120
      54
      42
      30
      26
      19
      18
      31
      15
      23
      24
      22
      14
      20
      28
      23
      22
      17
      16
      23
      19
      19
      23
      16
      21
      23
      15
      20
      23
      26
      31
      24
      17
      17
      24
      15
      24
      19
      10
      11
      13
      17
      14
      15
      20
      21
      10
      17
      24
      11
      12
      16
      16
      16
      17
      13
      23
      21
      20
      17
      17
      16
      16
      17
      17
      14
      12
      11
      10
      10
      15
      22
      17
      17
      19
      15
      23
      12
      18
      17
      17
      10
      13
       8
      21
      15
      16
      21
      14
      11
      13
      14
      15
      18
      18
      15
      13
      17
      19
      13
      16
      14
      10
      19
      17
      12
      17
      20
      11
      16
      19
      11
      19
       9
      17
      12
      16
      18
      22
      17
      21
      17
      14
      22
      21
      20
      12
      20
      11
      18
      14
      19
      16
      13
      16
      16
      17
      17
      10
      13
      16
      24
      19
      22
      17
      23
      14
      15
       9
      13
      19
      24
      20
      17
      22
      14
      18
      18
      21
      16
      19
      11
      17
      19
      22
      12
      16
      14
      18
      19
      13
      21
      12
      15
      30
      18
      22
      18
      18
      21
      20
      23
      19
      25
      13
      10
      13
      12
      17
      22
      15
      16
      15
      19
       8
      15
      16
      24
      16
      11
      18
      18
      10
      17
      17
      15
      24
      10
      16
      27
      14
      16
      18
      14
      15
      17
      15
      20
      11
      20
      10
      12
      15
      18
      15
      12
       8
      10
      18
      22
      16
      14
      15
      16
      15
       8
      14
      13
      14
      15
      12
      16
      14
      13
      13
       9
       9
      20
       8
      11
      10
       8
       9
      12
      10
      18
      12
      14
       6
      15
      21
       8
      11
      10
      17
      11
      11
      11
      11
       9
      16
       7
      12
      12
       8
       9
       6
       7
      13
      15
       8
       4
      10
       6
      11
      10
       7
      14
       9
      11
      10
       9
      13
       7
       8
       7
       9
      11
      11
       5
      20
      19
      29
      29
      45
      38
      52
      46
      28
      27
      21
      19
      10
      15
       8
      17
      12
      12
      16
      13
       9
       6
       4
      10
      14
      12
       6
       3
       6
      12
       8
      11
       7
      12
       7
      10
      14
      10
      13
       6
       7
       6
      10
      13
      12
       7
       6
       6
       6
       5
       8
       6
       8
       6
      10
       9
       8
       7
       9
      10
       9
       7
       8
      10
       9
      19
      11
      10
      18
      16
      13
      15
      13
      15
      14
      14
       8
       6
      11
       5
      12
       7
       7
      10
      12
       5
      11
       7
      11
       4
      11
       4
       7
       5
       5
       7
       3
       4
       6
       8
       7
       4
       7
      11
       6
       3
       6
      10
       6
       5
      13
       5
      13
      11
       8
       9
       7
       7
      11
      16
      14
      13
       7
       7
       8
      10
       5
       7
      11
       5
      12
       6
       6
       9
       5
       4
       6
       6
       8
       5
      11
       5
       6
       5
       6
       5
       5
       7
       6
       9
      12
       8
      10
       7
      13
       5
       7
       3
       8
       7
       9
       6
       9
      10
       9
       9
       8
       4
       5
       6
       5
       9
       3
       5
       5
      10
       4
       4
       4
       8
       7
       8
       6
       5
      11
       3
       3
       6
       4
       8
       6
       3
       8
       9
      10
       5
      15
       5
       5
       7
       4
       5
       6
       2
       4
       4
       4
       5
       5
       5
       5
       6
       3
       5
       2
       6
       4
       6
       6
       9
       5
       4
       1
       8
       5
       5
       3
       6
       6
       5
       4
       7
       1
       4
       4
       3
       8
       7
       4
       4
       3
       5
       6
       6
       4
       9
       6
       4
       2
       7
       8
       7
       9
       7
       7
      11
       5
       5
       4
       7
       4
       5
       3
       5
       7
       7
       8
      12
      22
      35
      37
      45
      46
      41
      23
      18
       8
       4
       6
       4
       1
       9
       5
       0
       9
       3
       5
       6
       2
       4
       3
       6
       5
       6
       1
       8
       4
       4
       1
       3
       3
       4
       5
       4
       8
       2
       3
       1
       2
       5
       2
       1
       2
       5
       3
       4
       3
       6
       3
       3
       5
       2
       4
       3
       4
       1
       5
       3
       6
       4
       3
       3
       3
       2
       1
       0
       2
       1
       2
       2
       2
       3
       1
       4
       1
       4
       1
       4
       1
       0
       4
       1
       2
       4
       4
       1
       1
       0
       5
       2
       3
       4
       4
       4
       0
       3
       3
       4
       3
       5
       4
       2
       3
       3
       0
       1
       4
       2
       3
       5
       4
       3
       2
       1
       3
       2
       3
       1
       0
       3
       3
       1
       5
       1
       5
       2
       1
       4
       5
       3
       3
       1
       2
       6
       1
       2
       1
       2
       2
       1
       2
       2
       3
       0
       3
       0
       4
       2
       6
       1
       2
       2
       2
       1
       5
       1
       0
       4
       2
       0
       2
       2
       3
       1
       4
       5
       1
       1
       3
       4
       4
       5
       0
       4
       1
       2
       4
       3
       4
       2
       2
       3
       2
       1
       2
       2
       3
       2
       2
       2
       2
       2
       3
       3
       2
       4
       0
       2
       0
       3
       2
       3
       1
       2
       3
       5
       2
       1
       1
       0
       2
       1
       1
       3
       3
       1
       1
       5
       1
       3
       1
       2
       0
       2
       1
       1
       1
       1
       1
       0
       0
       7
       2
       3
       0
       1
       0
       2
       2
       2
       2
       2
       2
       3
       2
       6
       0
       1
       0
       1
       1
       3
       0
       2
       0
       0
       3
       2
       3
       1
       2
       2
       2
       1
       2
       2
       2
       3
       5
       1
       3
       1
       1
       0
       1
       1
       3
       2
       2
       1
       0
       1
       1
       1
       3
       2
       2
       0
       4
       4
       1
       0
       2
       4
       0
       3
       2
       1
       0
       0
       1
       2
       2
       2
       3
       1
       1
       2
       2
       2
       1
       3
       1
       3
       1
       2
       2
       0
       4
       2
       5
       1
       5
       3
       4
       3
       2
       6
      11
      11
      45
      73
     148
     260
     357
     471
     502
     505
     369
     326
     230
     127
      66
      37
      26
      13
      14
      14
      14
       7
       7
       1
       2
       2
       4
       3
       1
       3
       0
       3
       3
       2
       1
       1
       2
       3
       4
       1
       2
       3
       0
       0
       1
       0
       0
       0
       1
       0
       2
       2
       0
       0
       0
       0
       1
       0
       1
       0
       1
       0
       1
       1
       0
       2
       1
       2
       1
       0
       0
       0
       0
       0
       4
       0
       0
       0
       1
       1
       0
       0
       0
       0
       1
       0
       3
       2
       2
       5
       1
       1
       2
       1
       0
       0
       1
       1
       0
       2
       0
       2
       0
       0
       1
       1
       2
       0
       1
       0
       0
       0
       0
       1
       1
       3
       1
       0
       0
       2
       0
       2
       0
       1
       0
       1
       3
       1
       1
       1
       1
       1
       0
       0
       1
       0
       0
       1
       3
       0
       0
       0
       0
       2
       0
       1
       1
       2
       2
       2
       1
       1
       1
       2
       4
       1
       1
       4
      10
       9
       8
      15
      13
      14
       8
       5
       5
      10
       6
      14
      10
      25
      10
       9
      11
       7
       5
       1
       1
       1
       0
       1
       1
       1
       1
       1
       0
       1
       0
       0
       0
       0
       1
       0
       0
       0
       2
       0
       0
       0
       0
       0
       0
       0
       0
       0
       2
       0
       0
       1
       0
       1
       0
       0
       1
       3
       0
       0
       0
       0
       0
       0
       0
       0
       1
       0
       2
       0
       1
       0
       1
       0
       0
       1
       0
       2
       1
       1
       0
       1
       2
       0
       0
       1
       0
       1
       1
       1
       0
       0
       2
       0
       0
       0
       0
       0
       1
       1
       0
       2
       0
       0
       1
       2
       1
       0
       1
       2
       1
       1
       0
       0
       0
       1
       0
       0
       1
       0
       1
       1
       3
       0
       0
       1
       0
       1
       0
       1
       0
       1
       1
       1
       0
       0
       1
       0
       0
       0
       0
       1
       0
       1
       1
       0
       0
       2
       2
       0
       1
       0
       0
       0
       2
       1
       0
       1
       0
       1
       0
       1
       1
       0
       1
       0
       1
       1
       0
       0
       0
       2
       0
       0
       1
       0
       0
       1
       2
       0
       3
       0
       0
       3
       2
       0
       0
       0
       0
       0
       0
       0
       2
       0
       1
       0
       1
       1
       1
       0
       1
       2
       0
       0
       0
       2
       3
       0
       0
       0
       0
       2
       2
       3
       2
       2
       2
       5
       5
       1
      12
       5
      10
       5
      18
       6
      11
       3
       5
       4
       4
       0
       1
       1
       0
       0
       1
       2
       1
       0
       0
       0
       1
       0
       0
       0
       0
       1
       0
       0
       0
       0
       0
       1
       0
       0
       0
       0
       0
       1
       0
       0
       1
       0
       0
       0
       3
       0
       0
       2
       0
       0
       0
       0
       0
       1
       0
       0
       0
       1
       0
       0
       0
       0
       0
       0
       0
       0
       1
       0
       3
       0
       0
       0
       0
       1
       2
       1
       0
       0
       1
       0
       0
       2
       1
       1
       0
       0
       0
       1
       0
       0
       0
       1
       0
       0
       0
       0
       0
       0
       1
       0
       0
       1
       1
       0
       0
       1
       1
       0
       0
       0
       0
       1
       0
       0
       0
       1
       0
       0
       1
       0
       0
       1
       0
       1
       0
       1
       0
       1
       2
       2
       0
       0
       0
       0
       0
       0
       0
       0
       0
       0
       0
       1
       1
       1
       0
       0
       0
       0
       0
       0
       0
       0
       0
       1
       1
       1
       0
       0
       0
       1
       0
       0
       1
       0
       0
       1
       0
       0
       0
       2
       1
       0
       0
       0
       0
       0
       0
       0
       2
       1
       0
       2
       1
       1
       0
       0
       1
       0
       0
       0
       1
       0
       0
       0
       0
       0
       1
       1
       0
       0
       0
       1
       0
       1
       0
       0
       1
       2
       1
       0
       0
       0
       0
       1
       2
       0
       1
       0
       1
       0
       0
       0
       0
       0
       0
       2
       0
       0
       0
       0
       2
       0
       0
       2
       0
       0
       1
       0
       0
       0
       0
       0
       0
       1
       0
       0
       0
       1
       0
       0
       1
       0
       0
       0
       0
       0
       1
       1
       0
       0
       1
       0
       0
       0
       0
       0
       0
       0
       0
       0
       1
       0
       0
       0
       0
       1
       1
       0
       0
       0
       0
       0
       0
       0
       1
       0
       0
       0
       0
       1
       0
       0
       1
       0
       0
       0
       1
       0
       0
       0
       1
       0
       0
       0
       0
       1
       0
       0
       0
       0
       0
       2
       0
       0
       0
       0
       0
       0
       0
       0
       1
       0
       2
       0
       0
       0
       0
       0
       0
       0
       0
       0
       0
       0
       1
       1
       0
       0
       1
       0
       0
       0
       0
       0
       1
       0
       0
       0
       0
       0
       0
       0
       1
       1
       0
       1
       0
       0
       2
       0
       0
       0
       0
       1
       0
       0
       0
       0
       0
       0
       1
       1
       2
       2
       2
       0
       0
       0
       1
       0
       0
       0
       0
       0
       1
       0
       0
       0
       0
       0
       0
       0
       1
       0
       0
       0
       0
       0
       0
       0
       0
       0
       1
       0
       0
       0
       0
       0
       2
       0
       0
       0
       0
       0
       0
       0
       0
       0
       0
       0
       0
       0
       0
       0
       0
       0
       1
       1
       1
       0
       0
       0
       1
       0
       1
       1
       0
       0
       0
       0
       0
       0
       0
       0
       0
       0
       1
       0
       0
       0
       0
       1
       0
       0
       0
       0
       0
       0
       1
       0
       0
       0
       0
       0
       0
       0
       1
       0
       0
       0
       0
       0
       0
       0
       0
       0
       1
       0
       0
       0
       0
       0
       0
       1
       1
       0
       1
       0
       0
       0
       0
       0
       0
       0
       0
       0
       0
       0
       1
       0
       1
       0
       0
       1
       0
       0
       0
       0
       1
       0
       2
       0
       0
       0
       0
       0
       0
       0
       0
       0
       1
       0
       0
       0
       0
       1
       0
       1
       0
       1
       0
       0
       1
       0
       0
       1
       0
       0
       0
       0
       0
       1
       0
       0
       0
       1
       0
       0
       0
       0
       0
       0
       1
       0
       0
       0
       0
       0
       0
       0
       0
       0
       0
       0
       0
       0
       0
       0
       0
       0
       0
       0
       0
       0
       1
       0
       0
       0
       0
       0
       0
       0
       0
       0
       0
       0
       1
       1
       0
       0
       3
       0
       0
       0
       0
       0
       0
       1
       0
       0
       0
       0
       0
       0
       0
       0
       0
       0
       0
       0
       0
       0
       1
       0
       0
       0
       1
       2
       0
       2
       0
       1
       0
       0
       1
       0
       0
       0
       0
       0
       1
       0
       0
       1
       0
       1
       1
       0
       0
       1
       0
       0
       0
       1
       0
       0
       0
       0
       1
       0
       0
       0
       1
       0
       0
       0
       0
       0
       0
       0
       0
       0
       0
       1
       0
       0
       0
       0
       1
       0
       0
       0
       1
       0
       1
       0
       0
       0
       0
       0
       0
       0
       0
       0
       0
       0
       0
       0
       1
       0
       1
       1
       0
       1
       0
       0
       0
       0
       0
       1
       0
       2
       0
       0
       0
       0
       0
       0
       0
       0
       0
       0
       1
       0
       0
       0
       0
       0
       0
       0
       0
       0
       0
       1
       5
       1
       2
       1
       2
       1
       0
       1
       0
       1
       0
       0
       0
       1
       0
       1
       0
       0
       0
       0
       1
       1
       0
       0
       0
       0
       0
       0
       0
       0
       0
       0
       0
       0
       0
       0
       0
       0
       1
       0
       0
       0
       1
       0
       0
       0
       0
       0
       0
       0
       0
       0
       0
       0
       0
       0
       0
       0
       0
       0
       0
       1
       0
       0
       0
       0
       0
       0
       0
       0
       0
       0
       0
       0
       0
       0
       0
       0
       1
       0
       0
       0
       0
       0
       0
       0
       0
       0
       0
       0
       0
       0
       0
       0
       0
       0
       0
       1
       0
       0
       0
       0
       0
       0
       0
       1
       1
       0
       0
       0
       0
       0
       0
       0
       1
       0
       0
       0
       0
       0
       0
       0
       0
       0
       0
       0
       0
       0
       1
       0
       0
       0
       0
       0
       0
       0
       1
       0
       0
       0
       0
       1
       0
       0
       0
       0
       0
       0
       0
       0
       0
       0
       0
       0
       0
       0
       0
       0
       0
       1
       1
       0
       2
       0
       0
       0
       1
       0
       0
       0
       0
       0
       1
       0
       1
       0
       0
       0
       0
       1
       0
       0
       0
       0
       0
       0
       0
       0
       0
       0
       0
       0
       0
       0
       0
       0
       0
       0
       0
       0
       1
       0
       0
       0
       0
       0
       0
       0
       1
       0
       0
       0
       0
       0
       0
       0
       0
       0
       0
       1
       0
       0
       0
       0
       0
       0
       0
       1
       0
       1
       0
       0
       0
       0
       0
       1
       0
       1
       0
       0
       0
       0
       0
       0
       0
       0
       0
       1
       0
       0
       0
       0
       0
       0
       0
       0
       0
       0
       1
       0
       0
       0
       0
       0
       0
       0
       0
       0
       0
       0
       0
       0
       0
       0
       0
       0
       0
       0
       1
       1
       0
       0
       0
       0
       1
       0
       0
       0
       1
       0
       0
       0
       0
       0
       0
       0
       0
       1
       0
       0
       1
       0
       0
       0
       0
       0
       0
       0
       1
       0
       0
       0
       0
       0
       0
       0
       0
       0
       0
       0
       0
       0
       0
       0
       0
       1
       0
       0
       0
       0
       0
       0
       0
       0
       0
       0
       1
       0
       0
       0
       0
       0
       0
       0
       0
       0
       0
       0
       0
       0
       0
       0
       0
       0
       1
       0
       0
       0
       0
       0
       0
       0
       1
       0
       1
       0
       0
       1
       0
       1
       1
       1
       0
       0
       1
       0
       0
       0
       0
       0
       0
       0
       0
       0
       0
       1
       0
       0
       0
       0
       0
       0
       0
       0
       0
       0
       0
       0
       0
       0
       0
       0
       0
       1
       0
       0
       1
       0
       0
       0
       1
       0
       0
       0
       0
       1
       1
       0
       0
       0
       0
       0
       0
       0
       0
       0
       1
       0
       0
       0
       0
       0
       0
       0
       0
       0
       0
       0
       0
       0
       0
       0
       0
       0
       1
       0
       0
       0
       0
       0
       0
       0
       0
       0
       0
       1
       0
       0
       0
       0
       0
       0
       0
       1
       0
       0
       0
       0
       0
       0
       1
       0
       0
       0
       1
       0
       0
       0
       0
       0
       0
       0
       0
       0
       1
       0
       0
       0
       0
       0
       0
       0
       0
       0
       0
       0
       0
       1
       0
       0
       1
       0
       0
       0
       0
       0
       0
       0
       0
       0
       0
       0
       0
       0
       0
       0
       0
       0
       0
       1
       0
       0
       1
       0
       1
       0
       0
       0
       0
       0
       0
       0
       0
       0
       0
       0
       0
       0
       0
       0
       0
       1
       0
       0
       0
       0
       1
       0
       0
       0
       0
       0
       0
       0
       0
       1
       0
       0
       0
       0
       0
       0
       0
       0
       0
       0
       0
       0
       0
       0
       0
       0
       0
       0
       0
       0
       0
       0
       0
       0
       0
       0
       0
       0
       0
       0
       0
       0
       0
       0
       0
       0
       1
       0
       0
       0
       0
       0
       0
       0
       0
       0
       0
       0
       0
       0
       0
       0
       0
       1
       0
       0
       0
       0
       0
       0
       0
       0
       0
       0
       0
       0
       0
       0
       0
       0
       0
       1
       0
       0
       0
       0
       0
       1
       0
       0
       0
       0
       0
       1
       0
       0
       0
       0
       0
       0
       0
       0
       0
       0
       0
       0
       0
       0
       0
       0
       0
       0
       0
       0
       0
       0
       0
       0
       0
       0
       0
       0
       0
       0
       0
       0
       0
       0
       0
       1
       0
       0
       0
       0
       0
       0
       0
       0
       0
       0
       0
       0
       0
       0
       0
       1
       0
       0
       0
       1
       0
       0
       0
       0
       0
       0
       0
       0
       0
       0
       0
       0
       0
       0
       0
       0
       0
       0
       0
       0
       0
       0
       0
       0
       0
       0
       1
       0
       0
       0
       0
       0
       0
       0
       0
       0
       0
       0
       0
       0
       0
       0
       0
       0
       0
       1
       0
       0
       1
       0
       0
       0
       0
       0
       0
       0
       0
       0
       0
       0
       0
       0
       0
       0
       0
       0
       0
       1
       0
       0
       0
       0
       0
       0
       0
       0
       0
       0
       1
       0
       0
       0
       1
       0
       0
       0
       0
       0
       0
       1
       0
       0
       0
       0
       0
       0
       0
       0
       0
       0
       0
       0
       0
       0
       0
       0
       0
       0
       0
       0
       0
       0
       0
       0
       0
       0
       0
       0
       0
       0
       0
       0
       0
       0
       0
       1
       0
       0
       0
       0
       0
       0
       0
       0
       0
       1
       0
       0
       0
       0
       0
       0
       0
       0
       0
       0
       0
       0
       1
       0
       0
       0
       0
       0
       0
       0
       0
       0
       1
       0
       0
       0
       0
       0
       0
       0
       1
       0
       0
       0
       0
       1
       0
       0
       0
       0
       0
       0
       0
       0
       0
       0
       1
       0
       0
       0
       0
       0
       0
       0
       0
       0
       0
       0
       1
       0
       0
       0
       1
       0
       0
       0
       0
       0
       0
       0
       0
       1
       0
       0
       0
       0
       0
       0
       0
       0
       0
       0
       0
       1
       0
       0
       0
       0
       0
       0
       0
       0
       0
       0
       0
       0
       0
       0
       0
       0
       0
       0
       0
       0
       0
       1
       0
       0
       0
       0
       0
       0
       0
       0
       0
       0
       0
       0
       0
       0
       0
       0
       0
       0
       0
       0
       0
       1
       0
       1
       0
       0
       0
       0
       0
       0
       0
       0
       0
       0
       0
       0
       0
       0
       0
       0
       0
       0
       0
       0
       0
       0
       0
       0
       0
       0
       0
       0
       0
       0
       1
       0
       0
       0
       0
       0
       0
       0
       0
       0
       0
       0
       1
       0
       0
       0
       0
       0
       0
       0
       0
       0
       0
       0
       0
       0
       0
       0
       0
       0
       0
       0
       0
       0
       0
       0
       1
       0
       0
       0
       0
       0
       0
       0
       0
       0
       0
       0
       0
       1
       0
       1
       1
       0
       0
       0
       0
       1
       0
       1
       0
       0
       0
       1
       0
       0
       0
       0
       0
       0
       0
       0
       0
       0
       0
       0
       0
       0
       0
       0
       0
       0
       0
       0
       0
       0
       0
       1
       0
       0
       1
       0
       1
       0
       0
       0
       0
       0
       1
       0
       0
       0
       1
       0
       0
       0
       0
       0
       0
       0
       1
       0
       0
       0
       1
       0
       0
       0
       1
       0
       0
       0
       0
       0
       0
       0
       0
       0
       0
       0
       0
       0
       1
       0
       0
       0
       0
       1
       0
       0
       0
       0
       0
       0
       0
       0
       0
       0
       1
       0
       0
       0
       0
       0
       1
       0
       0
       0
       0
       0
       0
       1
       0
       0
       0
       0
       0
       0
       0
       0
       0
       0
       0
       0
       1
       0
       0
       0
       0
       0
       0
       0
       0
       0
       1
       0
       0
       0
       0
       0
       0
       0
       1
       0
       0
       0
       0
       0
       0
       0
       0
       0
       0
       0
       0
       0
       0
       0
       0
       0
       0
       0
       0
       0
       0
       1
       0
       0
       0
       0
       0
       0
       0
       0
       0
       0
       0
       0
       0
       0
       0
       0
       1
       0
       0
       0
       0
       0
       0
       0
       0
       0
       0
       1
       0
       0
       0
       0
       0
       0
       0
       0
       0
       0
       0
       0
       0
       0
       0
       1
       0
       0
       0
       0
       0
       0
       0
       0
       0
       0
       0
       0
       0
       0
       0
       0
       0
       0
       0
       0
       0
       1
       0
       0
       0
       0
       0
       0
       0
       0
       0
       1
       0
       0
       0
       0
       0
       0
       0
       0
       0
       0
       0
       0
       0
       0
       0
       0
       0
       0
       0
       0
       0
       0
       0
       0
       0
       0
       0
       0
       0
       0
       1
       0
       0
       0
       0
       0
       0
       0
       0
       0
       0
       0
       0
       0
       0
       0
       0
       0
       0
       0
       0
       0
       0
       1
       0
       1
       0
       0
       1
       0
       0
       0
       0
       0
       0
       0
       0
       0
       0
       0
       2
       1
       1
       3
       0
       0
       0
       0
       0
       0
       0
       0
       0
       0
       1
       2
       0
       0
       0
       0
       0
       0
       1
       0
       0
       0
       0
       0
       0
       0
       0
       0
       0
       0
       0
       0
       0
       0
       0
       0
       0
       0
       0
       0
       0
       0
       0
       0
       0
       0
       0
       1
       0
       0
       0
       0
       0
       0
       0
       0
       0
       0
       0
       1
       0
       1
       0
       0
       0
       0
       0
       0
       0
       0
       0
       1
       0
       0
       0
       0
       0
       0
       0
       0
       0
       0
       0
       0
       0
       0
       0
       0
       0
       0
       0
       0
       0
       0
       0
       0
       0
       0
       0
       0
       0
       0
       0
       0
       0
       0
       0
       0
       1
       0
       0
       1
       1
       0
       0
       0
       0
       0
       0
       0
       0
       0
       0
       0
       0
       1
       0
       0
       0
       0
       0
       0
       0
       0
       0
       0
       0
       0
       0
       0
       0
       0
       0
       0
       0
       0
       0
       0
       0
       0
       0
       0
       0
       0
       0
       0
       0
       0
       0
       0
       0
       0
       0
       0
       0
       0
       1
       1
       0
       0
       0
       0
       0
       0
       0
       0
       1
       0
       0
       0
       0
       0
       0
       0
       0
       0
       1
       0
       0
       0
       0
       0
       0
       0
       0
       0
       1
       0
       1
       0
       0
       0
       0
       0
       0
       1
       0
       0
       0
       0
       0
       0
       0
       0
       0
       0
       0
       0
       0
       0
       0
       0
       0
       0
       0
       0
       0
       0
       0
       0
       0
       0
       0
       0
       0
       0
       0
       0
       0
       0
       0
       0
       0
       0
       0
       0
       1
       0
       0
       0
       0
       0
       0
       0
       0
       0
       1
       0
       0
       0
       0
       0
       0
       0
       0
       0
       0
       0
       0
       0
       0
       0
       0
       0
       0
       0
       0
       0
       0
       0
       0
       0
       0
       0
       0
       0
       1
       0
       0
       0
       0
       0
       0
       0
       0
       0
       0
       0
       0
       0
       0
       0
       0
       0
       0
       1
       0
       0
       0
       0
       0
       0
       0
       0
       0
       0
       0
       0
       0
       0
       0
       0
       0
       0
       0
       1
       1
       0
       0
       1
       0
       0
       0
       0
       1
       1
       0
       0
       1
       0
       1
       0
       0
       0
       0
       0
       1
       0
       0
       0
       0
       0
       0
       1
       0
       0
       0
       0
       0
       1
       0
       0
       0
       0
       0
       0
       0
       0
       0
       0
       1
       0
       0
       0
       0
       0
       0
       0
       0
       0
       0
       0
       0
       0
       0
       0
       1
       0
       0
       0
       0
       0
       0
       0
       0
       0
       0
       0
       0
       0
       0
       0
       0
       0
       0
       0
       1
       0
       0
       0
       0
       0
       0
       0
       0
       0
       0
       0
       0
       0
       0
       0
       0
       0
       0
       0
       0
       0
       0
       0
       0
       0
       0
       0
       0
       0
       0
       0
       0
       1
       0
       0
       1
       0
       0
       1
       0
       0
       0
       0
       0
       0
       1
       0
       0
       0
       0
       0
       0
       0
       0
       0
       0
       1
       0
       0
       0
       0
       0
       0
       0
       0
       0
       0
       1
       0
       0
       1
       0
       1
       0
       0
       0
       0
       0
       1
       0
       0
       0
       0
       1
       0
       0
       0
       0
       0
       0
       1
       0
       1
       0
       0
       1
       0
       0
       0
       0
       0
       0
       0
       0
       0
       1
       0
       0
       2
       0
       0
       0
       0
       0
       0
       1
       0
       1
       0
       0
       0
       0
       0
       0
       0
       0
       0
       0
       0
       0
       0
       0
       0
       0
       0
       0
       0
       0
       0
       0
       0
       0
       0
       0
       0
       0
       0
       0
       0
       0
       0
       0
       0
       0
       0
       0
       0
       0
       0
       0
       0
       0
       0
       0
       0
       1
       0
       0
       0
       0
       0
       0
       0
       0
       0
       0
       0
       0
       0
       0
       0
       0
       0
       1
       0
       1
       0
       0
       0
       0
       0
       0
       0
       0
       0
       0
       0
       0
       0
       0
       0
       0
       0
       0
       0
       0
       0
       0
       0
       0
       0
       0
       0
       0
       0
       0
       0
       0
       0
       0
       0
       0
       0
       0
       0
       0
       0
       0
       0
       0
       0
       0
       0
       1
       0
       0
       0
       0
       1
       0
       0
       0
       0
       0
       0
       0
       0
       0
       0
       0
       0
       1
       0
       0
       0
       0
       0
       0
       0
       0
       0
       0
       0
       0
       0
       0
       0
       0
       0
       0
       0
       0
       0
       0
       0
       0
       0
       0
       0
       0
       0
       0
       0
       0
       0
       0
       0
       0
       0
       0
       0
       0
       0
       0
       0
       0
       0
       0
       0
       0
       0
       0
       0
       0
       0
       0
       0
       0
       0
       0
       0
       0
       0
       0
       0
       0
       0
       0
       0
       0
       0
       0
       0
       0
       0
       0
       0
       0
       1
       0
       0
       0
       0
       0
       0
       0
       1
       0
       0
       0
       0
       1
       1
       0
       0
       1
       0
       0
       0
       0
       0
       0
       0
       0
       0
       0
       0
       0
       0
       0
       0
       0
       0
       0
       0
       0
       0
       0
       0
       0
       0
       0
       1
       0
       0
       0
       0
       0
       0
       0
       0
       0
       0
       0
       0
       0
       0
       0
       0
       0
       0
       0
       0
       0
       0
       0
       0
       0
       0
       0
       0
       0
       0
       0
       0
       0
       1
       0
       0
       0
       0
       0
       0
       0
       0
       0
       0
       0
       0
       0
       1
       0
       0
       0
       0
       1
       0
       0
       0
       0
       0
       0
       0
       0
       0
       0
       0
       0
       0
       0
       0
       0
       0
       0
       0
       0
       0
       0
       0
       0
       0
       0
       0
       0
       0
       0
       0
       0
       0
       0
       0
       0
       0
       0
       0
       0
       0
       0
       0
       0
       0
       0
       0
       0
       0
       0
       0
       0
       0
       0
       0
       0
       0
       0
       0
       0
       0
       0
       0
       0
       0
       0
       0
       0
       0
       0
       0
       0
       0
       0
       0
       0
       0
       0
       0
       0
       0
       0
       0
       0
       0
       0
       0
       0
       0
       0
       0
       0
       0
       0
       0
       0
       0
       0
       0
       0
       0
       0
       0
       0
       0
       0
       0
       0
       0
       0
       0
       0
       0
       0
       0
       0
       0
       0
       0
       0
       0
       0
       0
       0
       0
       0
       0
       0
       0
       0
       0
       0
       0
       0
       0
       0
       0
       0
       0
       0
       0
       0
       0
       0
       0
       0
       0
       0
       0
       0
       0
       0
       0
       0
       0
       0
       0
       0
       1
       0
       0
       0
       0
       0
       0
       0
       0
       0
       0
       0
       0
       0
       0
       0
       0
       0
       0
       0
       0
       0
       1
       1
       0
       0
       0
       0
       0
       0
       0
       0
       0
       0
       0
       0
       0
       0
       0
       0
       0
       0
       0
       0
       0
       0
       0
       0
       0
       0
       0
       0
       0
       0
       0
       0
       0
       0
       0
       0
       0
       0
       0
       0
       0
       0
       0
       0
       0
       0
       0
       0
       0
       0
       0
       0
       0
       0
       0
       0
       0
       0
       0
       0
       0
       1
       0
       0
       0
       0
       0
       0
       0
       0
       0
       0
       0
       0
       0
       0
       0
       0
       0
       0
       0
       0
       0
       0
       0
       0
       0
       0
       0
       0
       0
       0
       0
       0
       0
       0
       0
       0
       0
       0
       0
       0
       0
       0
       0
       0
       0
       0
       0
       0
       0
       0
       0
       0
       0
       0
       0
       0
       0
       0
       0
       0
       0
       0
       0
       0
       0
       0
       0
       0
       0
       0
       0
       0
       0
       0
       0
       0
       0
       0
       0
       0
       0
       0
       0
       0
       0
       0
       0
       0
       0
       0
       0
       0
       0
       0
       0
       0
       0
       0
       0
       0
       0
       0
       0
       0
       0
       0
       0
       0
       0
       0
       0
       0
       0
       0
       0
       0
       0
       0
       0
       0
       0
       0
       0
       0
       0
       0
       0
       0
       0
       0
       0
       0
       0
       0
       0
       0
       0
       0
       0
       0
       0
       0
       0
       0
       0
       0
       0
       0
       0
       0
       0
       0
       0
       0
       0
       0
       0
       0
       0
       0
       0
       0
       0
       0
       0
       0
       0
       0
       0
       0
       0
       0
       0
       0
       0
       0
       0
       0
       0
       1
       2
       0
       1
       3
       2
       5
       3
       1
       1
       0
       0
       0
       0
       0
       0
       0
       0
       0
       0
       0
       0
       0
       0
       0
       0
       0
       0
       0
       0
       0
       0
       0
       0
       0
       0
       0
       0
       0
       0
       0
       0
       0
       0
       0
       0
       0
       0
       0
       0
       0
       0
       0
       0
       0
       0
       0
       0
       0
       0
       0
       0
       0
       0
       0
       0
       0
       0
       0
       0
       0
       0
       0
       0
       0
       0
       0
       0
       0
       0
       1
       0
       0
       0
       0
       0
       0
       0
       0
       0
       0
       0
       0
       0
       0
       0
       0
       0
       0
       0
       0
       0
       0
       0
       0
       0
       0
       0
       0
       0
       0
       0
       0
       0
       0
       0
       0
       0
       0
       0
       0
       0
       0
       0
       0
       0
       0
       0
       0
       0
       0
       0
       0
       0
       0
       0
       0
       0
       0
       0
       0
       0
       0
       0
       0
       0
       0
       0
       0
       0
       0
       0
       0
       0
       0
       0
       0
       0
       0
       0
       0
       0
       0
       0
       0
       0
       0
       0
       0
       0
       0
       0
       0
       0
       0
       0
       0
       0
       0
       0
       0
       0
      23
     332
     575
     483
     541
     521
     525
     472
     488
     505
     548
$ROI:
0
$PRESETS:
None
0
0
$ENER_FIT:
29.588329 2.085281
$MCA_CAL:
3
2.958833E+001 2.085281E+000 0.000000E+000
$SHAPE_CAL:
3
4.557019E+000 2.304741E-003 0.000000E+000
