$SPEC_ID:
No sample description was entered.
$SPEC_REM:
DET# 1
DETDESC# DESKTOP-LO9J119 MCB 337
AP# Maestro Version 5.35.01
$DATE_MEA:
01/26/2026 13:09:49
$MEAS_TIM:
8499 8617
$DATA:
0 8191
    1409
    1359
    1414
    1386
    1381
    1391
    1374
    1363
    1291
    1320
    1277
    1302
    1252
    1295
    1231
    1266
    1207
    1260
    1215
    1193
    1198
    1162
    1210
    1218
    1097
    1181
    1140
    1083
    1166
    1101
    1091
    1099
    1077
    1089
    1045
    1024
    1078
    1069
    1039
    1065
    1084
    1048
    1028
    1065
     973
     967
     961
    1003
    1004
     952
     986
     964
    1031
     974
     966
     950
     971
    1008
     923
     969
     933
     955
     930
    1008
     945
     893
     939
     862
     865
     908
     886
     911
     849
     892
     885
     819
     845
     845
     869
     828
     872
     889
     808
     856
     888
     852
     818
     808
     748
     839
     777
     827
     779
     824
     861
     783
     777
     781
     777
     803
     792
     772
     801
     748
     820
     779
     788
     761
     756
     734
     785
     778
     744
     705
     714
     783
     740
     709
     732
     690
     716
     727
     698
     736
     727
     708
     723
     749
     707
     717
     682
     734
     702
     676
     681
     648
     694
     679
     680
     736
     646
     692
     697
     650
     648
     688
     674
     642
     630
     716
     677
     700
     637
     670
     687
     627
     656
     669
     632
     627
     643
     676
     672
     650
     621
     646
     661
     680
     700
     632
     655
     659
     646
     655
     681
     704
     680
     643
     707
     731
     684
     661
     696
     716
     691
     709
     661
     671
     699
     681
     683
     681
     687
     722
     725
     693
     696
     703
     666
     685
     670
     690
     706
     703
     714
     712
     716
     670
     736
     740
     711
     702
     759
     694
     718
     781
     811
     750
     687
     745
     807
     754
     754
     777
     750
     756
     752
     822
     771
     763
     790
     790
     773
     807
     786
     744
     722
     769
     839
     812
     812
     750
     793
     784
     787
     793
     797
     826
     815
     782
     773
     808
     768
     829
     806
     811
     823
     897
     822
     843
     834
     836
     830
     865
     856
     861
     848
     808
     812
     888
     883
     868
     859
     834
     859
     838
     840
     880
     843
     860
     910
     825
     857
     841
     876
     915
     853
     860
     845
     863
     839
     844
     862
     873
     862
     911
     879
     866
     915
     897
     846
     862
     946
     853
     876
     870
     845
     870
     922
     914
     814
     924
     863
     917
     863
     907
     880
     877
     913
     836
     927
     909
     878
     877
     918
     947
     912
     945
     899
     846
     915
     877
     914
     893
     912
     878
     923
     889
     881
     897
     911
     912
     860
     939
     952
     890
     902
     887
     877
     884
     920
     915
     888
     943
     892
     912
     859
     871
     888
     858
     855
     890
     892
     844
     807
     927
     857
     908
     831
     820
     886
     878
     838
     887
     886
     895
     898
     842
     872
     861
     876
     820
     885
     842
     877
     878
     894
     874
     813
     838
     840
     830
     878
     881
     874
     781
     810
     822
     842
     851
     817
     872
     846
     838
     823
     823
     851
     836
     812
     851
     823
     812
     812
     809
     798
     870
     817
     799
     827
     803
     822
     785
     771
     785
     813
     810
     801
     835
     836
     810
     798
     783
     777
     763
     739
     840
     771
     756
     756
     777
     746
     781
     816
     721
     742
     761
     735
     751
     730
     811
     716
     741
     757
     776
     774
     756
     725
     739
     729
     752
     722
     774
     771
     743
     705
     707
     720
     764
     686
     773
     683
     724
     700
     700
     746
     647
     700
     731
     710
     710
     685
     677
     705
     688
     693
     678
     735
     658
     689
     701
     737
     703
     673
     660
     674
     693
     699
     672
     667
     666
     638
     654
     660
     670
     631
     681
     667
     648
     667
     655
     679
     650
     663
     682
     685
     633
     638
     642
     605
     644
     647
     607
     633
     647
     699
     710
     708
     627
     631
     667
     615
     613
     635
     611
     593
     619
     626
     554
     572
     603
     628
     564
     648
     596
     632
     615
     596
     566
     624
     630
     574
     638
     591
     577
     599
     623
     582
     578
     529
     563
     562
     596
     561
     572
     564
     580
     587
     576
     622
     607
     530
     560
     570
     548
     562
     561
     570
     569
     569
     568
     551
     534
     562
     555
     547
     573
     566
     585
     559
     564
     557
     567
     564
     556
     599
     541
     573
     542
     540
     554
     557
     569
     556
     558
     524
     524
     568
     577
     528
     547
     497
     545
     540
     559
     544
     565
     529
     569
     573
     501
     522
     569
     512
     549
     539
     516
     556
     532
     531
     468
     529
     499
     500
     468
     497
     535
     481
     581
     526
     477
     471
     517
     503
     489
     551
     459
     481
     506
     499
     489
     492
     506
     484
     504
     480
     489
     449
     477
     459
     489
     440
     413
     504
     457
     463
     437
     490
     475
     441
     432
     494
     464
     427
     469
     458
     449
     453
     415
     432
     512
     463
     451
     411
     493
     557
     621
     656
     700
     619
     597
     438
     455
     451
     461
     449
     508
     462
     480
     464
     447
     394
     380
     418
     400
     394
     402
     440
     423
     430
     435
     399
     376
     398
     389
     428
     355
     385
     409
     431
     409
     386
     377
     367
     382
     376
     393
     388
     367
     398
     378
     371
     399
     397
     391
     379
     387
     400
     404
     384
     353
     383
     376
     370
     369
     381
     343
     363
     390
     354
     390
     375
     362
     351
     361
     335
     348
     345
     372
     322
     361
     362
     332
     358
     315
     339
     332
     338
     326
     351
     328
     319
     345
     370
     353
     315
     307
     350
     335
     343
     353
     373
     356
     344
     333
     355
     345
     356
     359
     326
     357
     330
     387
     360
     315
     357
     351
     326
     353
     322
     347
     314
     324
     362
     334
     330
     350
     302
     318
     294
     342
     288
     312
     355
     303
     330
     331
     353
     279
     304
     310
     335
     284
     290
     322
     291
     311
     328
     314
     281
     302
     330
     300
     295
     312
     299
     303
     319
     318
     299
     326
     301
     324
     304
     306
     281
     283
     292
     333
     284
     281
     272
     286
     297
     314
     307
     243
     295
     321
     356
     345
     437
     408
     330
     342
     298
     285
     256
     273
     290
     276
     290
     283
     278
     290
     320
     294
     292
     312
     308
     306
     289
     278
     257
     278
     255
     285
     262
     276
     256
     293
     265
     309
     282
     296
     274
     290
     281
     240
     295
     262
     277
     268
     266
     267
     274
     255
     290
     307
     272
     270
     305
     284
     256
     266
     252
     258
     286
     243
     258
     248
     250
     274
     248
     249
     231
     268
     261
     234
     232
     274
     248
     259
     282
     276
     272
     279
     246
     264
     247
     266
     266
     231
     257
     234
     259
     259
     240
     242
     240
     242
     259
     256
     251
     259
     249
     241
     251
     248
     237
     258
     270
     283
     266
     250
     256
     236
     256
     256
     254
     260
     256
     251
     229
     234
     237
     237
     240
     226
     249
     219
     236
     251
     248
     251
     228
     243
     223
     215
     228
     232
     269
     262
     310
     280
     263
     254
     232
     228
     224
     237
     245
     219
     231
     226
     223
     210
     190
     223
     214
     228
     232
     248
     223
     224
     220
     258
     208
     230
     209
     221
     222
     218
     200
     228
     223
     249
     217
     220
     220
     202
     234
     261
     313
     354
     479
     410
     379
     304
     269
     244
     199
     211
     206
     211
     230
     200
     221
     221
     214
     213
     238
     171
     240
     201
     226
     212
     194
     198
     188
     204
     202
     225
     207
     171
     210
     203
     214
     217
     203
     202
     171
     196
     211
     190
     230
     193
     192
     190
     228
     206
     201
     213
     187
     194
     192
     199
     219
     198
     187
     206
     196
     200
     180
     194
     199
     230
     191
     207
     197
     191
     206
     188
     192
     210
     214
     175
     231
     198
     202
     190
     204
     182
     187
     207
     191
     208
     182
     186
     180
     188
     184
     192
     200
     167
     206
     163
     186
     192
     193
     187
     202
     168
     172
     188
     209
     174
     212
     163
     200
     188
     204
     170
     201
     188
     183
     180
     189
     197
     200
     207
     179
     184
     181
     196
     170
     175
     184
     172
     163
     195
     171
     182
     177
     173
     198
     171
     183
     175
     163
     190
     157
     193
     181
     163
     183
     169
     181
     173
     177
     168
     190
     171
     188
     178
     180
     165
     187
     166
     179
     182
     168
     190
     181
     167
     165
     174
     146
     188
     158
     160
     164
     168
     144
     169
     175
     167
     168
     162
     179
     183
     201
     180
     155
     174
     150
     170
     219
     146
     169
     167
     174
     176
     179
     175
     182
     155
     179
     187
     181
     158
     171
     181
     172
     191
     177
     177
     153
     177
     146
     169
     157
     166
     177
     157
     153
     149
     173
     164
     144
     177
     156
     151
     165
     137
     160
     175
     185
     166
     164
     164
     170
     188
     165
     175
     174
     162
     171
     147
     184
     174
     145
     157
     168
     150
     141
     165
     146
     187
     144
     151
     152
     138
     144
     173
     159
     160
     166
     159
     141
     130
     157
     155
     176
     148
     147
     160
     144
     144
     151
     145
     150
     167
     172
     144
     145
     164
     148
     157
     185
     167
     172
     179
     173
     164
     166
     125
     143
     151
     145
     149
     160
     168
     144
     136
     160
     136
     138
     144
     159
     154
     143
     135
     177
     149
     128
     144
     148
     142
     145
     169
     156
     178
     145
     153
     152
     151
     160
     152
     143
     141
     160
     149
     158
     146
     151
     147
     149
     147
     146
     156
     172
     172
     149
     139
     120
     134
     146
     149
     126
     150
     122
     148
     148
     164
     171
     165
     186
     153
     156
     158
     131
     152
     157
     153
     120
     142
     129
     138
     136
     132
     147
     137
     141
     134
     140
     120
     142
     129
     128
     149
     139
     141
     147
     148
     139
     137
     148
     125
     144
     136
     127
     137
     145
     135
     142
     123
     159
     153
     138
     142
     136
     119
     144
     126
     128
     108
     150
     147
     136
     136
     124
     135
     136
     146
     149
     140
     133
     141
     166
     144
     144
     155
     136
     143
     158
     146
     140
     144
     130
     139
     137
     139
     131
     148
     127
     156
     127
     148
     152
     117
     141
     150
     125
     139
     143
     137
     149
     145
     134
     133
     113
     108
     131
     134
     131
     151
     125
     127
     111
     124
     150
     127
     142
     128
     134
     121
     113
     134
     136
     112
     131
     159
     138
     144
     111
     124
     110
     122
     128
     141
     119
     110
     104
     121
     136
     138
     122
     129
     107
     148
     145
     120
     126
     132
     128
     123
     118
     159
     151
     168
     171
     202
     201
     226
     181
     165
     159
     149
     143
     143
     138
     142
     150
     132
     128
     131
     133
     123
     125
     104
     106
     113
     133
     140
     130
     144
     112
     126
     116
     132
     116
     135
     126
     135
     140
     124
     109
     125
     125
     123
     126
     110
     119
     147
     124
     116
     114
     107
     138
     121
     123
     112
     140
     144
     102
     125
     117
     138
     120
     102
     126
     125
     118
     119
     133
     119
     140
     124
     125
     120
     123
     135
     115
     128
     137
     128
     151
     123
     100
     112
     114
     125
     113
     112
     105
     115
     126
     104
     121
     114
     142
     116
     109
     112
     122
     124
      96
     106
     104
     130
     118
     120
     131
     130
     103
     123
     109
     132
     117
     119
     129
     114
     120
     113
     122
     114
     122
     126
     120
     107
      99
     118
     152
     148
     108
     125
     119
     118
     133
     123
     139
     130
     108
     112
     115
     116
     108
     107
     106
     118
     114
     120
     109
     121
     122
     120
     112
     129
     109
      97
     104
     125
     127
     109
     128
     123
     131
     117
     128
     110
     150
     115
     105
     116
     121
     105
     111
      85
     112
     125
     129
     122
     118
     122
     112
     115
      93
     110
     113
     108
     116
     117
     116
     105
     121
     106
     128
     140
     128
     118
     113
     103
     116
     107
     101
      97
     114
     117
     110
     116
     107
     130
     105
     132
     123
     127
     115
     116
     118
     122
     115
     117
     107
      97
     141
     111
     124
     108
     118
     101
     148
     169
     190
     232
     215
     205
     186
     166
     137
     117
     124
     125
     121
     119
      93
     109
     120
     111
     100
     109
     104
     109
     101
     112
      99
     122
     106
     114
     110
     124
     105
      96
     106
      99
     123
     104
     109
      84
     113
     124
      88
     106
     118
     107
     119
     106
     125
     120
     110
     129
     105
      96
     110
     102
     106
     120
     120
     126
      93
     103
     120
     118
      95
      95
      96
     106
     114
     111
      96
     113
     115
      99
     112
     122
     112
     115
     114
     109
      90
     135
     156
     170
     246
     308
     296
     326
     268
     211
     180
     136
     114
     111
     100
     125
     116
     103
     103
     125
     101
     102
     107
     122
     102
     118
     101
     101
      90
     113
     112
     102
     100
     116
     105
     103
     108
     104
     117
     111
     106
     100
     108
      90
     103
      93
      98
     116
      85
     120
     104
     110
      98
     113
      90
      91
     114
     125
     105
      92
      92
     110
     110
     105
     113
     111
     102
     111
      98
      94
     114
     110
     117
     113
      94
      96
      85
     108
     104
      94
     109
      81
      94
     100
     102
     105
     119
     101
      82
      93
      87
     102
      90
     110
     114
     112
      96
      91
     117
     114
     122
     119
      99
      77
     100
     104
     120
      99
     119
     108
      98
      95
     107
      98
     117
      96
     108
      82
      99
     129
     105
     106
     107
     104
     101
      98
      94
     111
      90
     116
     105
      90
     125
     103
      91
      91
      85
      89
     107
     103
     101
     113
     102
     119
      98
      91
     117
     104
      95
      91
      89
     112
     111
      81
      86
     112
      86
      96
     101
     117
      92
      83
     103
     106
     106
     111
      97
      99
     104
     116
     128
     103
     101
     104
     107
      96
     102
      93
     116
     100
      92
     122
     114
     109
      89
     103
      94
      87
      90
     119
     103
     110
     110
      87
     104
      93
     105
     102
      95
      90
      87
     102
     115
      95
      89
      93
      94
      80
      97
      88
     100
     114
     114
     104
     106
     101
     119
      96
      90
      96
     103
     114
      94
     116
      99
      98
      93
      95
      78
      95
      82
      99
     106
     118
     102
     115
      83
     115
      91
     105
     118
     102
      88
      89
      78
      96
     105
     119
     100
     104
      93
     117
      93
      84
      98
      94
     101
      93
     107
     100
     109
      94
     114
      87
      93
     122
      86
      91
      87
      88
      96
     105
      91
      96
      84
     106
     118
      96
      98
      95
      77
     117
     104
     102
      87
      97
     107
      83
      94
     107
      90
      93
      98
     106
      96
     108
     102
      93
      93
      84
     104
      90
     103
     106
     119
      91
      98
      91
     111
     104
      93
     104
      93
      92
      97
      90
      92
      85
     107
     115
     106
     109
      96
     117
     116
     109
     103
      85
     100
     101
     105
      96
     101
     102
      95
      89
     108
      92
      91
      92
     119
      95
      90
      96
      89
      93
     106
     105
      96
      90
     104
     106
     102
      89
     103
     102
      95
     106
      98
      81
     113
      88
      98
     102
     119
     104
     109
     106
      99
     111
     132
     128
     118
     101
     104
      79
     100
      96
      93
      85
      87
     101
      91
      96
     125
     106
      84
      91
     102
     102
      97
      86
      91
     107
      93
     113
      91
      76
     112
      92
      97
      84
     113
      98
     105
     110
     120
      87
      92
      83
      97
      95
     119
     110
     108
      99
      94
     102
      99
     110
      83
     102
      93
     111
     105
      88
     105
     107
      77
     101
      87
      94
      84
     105
     104
     102
     105
      82
      96
     101
     106
     103
      94
      78
     106
      91
     106
      98
     100
     111
      92
     105
     102
     106
     103
     100
      93
      97
      86
      83
     100
     101
      98
     100
     117
     102
     113
      87
      91
      97
      87
     101
      98
      98
     110
      81
     115
      88
     110
     106
      94
      89
      93
      90
      90
     106
     121
      96
      97
     102
      93
      95
     113
     105
     117
     129
     117
      89
      99
     101
      91
      89
      79
      86
     111
      95
      99
      94
     125
      99
      84
      90
     108
      93
      89
     108
      90
      95
      94
     102
      87
      98
      88
      73
      85
      90
      88
      91
     117
      88
      97
      90
      99
      87
      86
     110
     104
      88
     109
      96
      87
      96
      86
     100
      86
      86
     110
     125
     100
     111
      88
     106
     106
      78
      85
      77
      93
      91
      86
      91
      81
      98
      99
      98
      99
      82
      88
     104
      99
     103
      86
     100
      89
     101
     102
     107
     100
     111
     107
     106
      97
      85
     102
      94
     102
     102
      99
      96
      94
      83
      96
      98
     110
      96
      87
     102
     108
      91
      99
     105
      90
      85
      96
     108
      91
      79
      90
      96
      96
      96
      94
      96
     105
      87
     104
     105
     112
     104
      92
     104
     103
     105
      80
     117
      88
     107
     107
      78
      81
      89
      91
     100
      84
      87
      95
      86
     105
      90
      91
     109
      92
      99
      89
      82
     119
     110
      87
     107
      85
      82
     103
      94
     111
     121
      90
      98
     103
     111
      90
      99
     125
     103
     114
      99
     115
     102
     106
     112
     110
     115
      88
      97
      86
      97
      85
      94
      99
      85
      91
      91
     104
     102
      95
     101
     102
     104
     114
     103
      79
     102
     106
      92
     101
      88
      89
      82
      88
     112
     104
      90
     116
     114
     105
     114
     106
     114
     101
      76
      93
     102
     106
     102
     115
      98
     106
     121
     100
     104
     114
     112
     104
      99
      93
     111
     106
     110
     108
     109
      83
     103
     105
      95
      80
     108
     102
      93
     106
     113
      92
      95
      98
      93
      97
      99
      86
      88
      93
     105
     120
     109
      95
      98
     111
     108
     108
      98
     115
      95
      99
     104
     102
      95
      98
     106
     117
     100
      91
      98
     105
      98
     109
      88
      93
      87
      93
     100
     122
     115
     103
     110
      92
      88
     126
      82
     106
      94
     103
     103
      97
     102
     107
      92
      87
     104
     104
     111
      88
     103
     100
      99
     103
     103
     105
     112
     107
     104
     113
     110
     111
     126
      86
      91
     128
      97
     103
     119
      94
     107
      97
     106
     119
      89
     110
      95
     127
      92
      91
     110
      94
     106
     101
      96
     106
     100
      99
     103
     100
     113
     117
     112
     120
     103
      89
      89
     109
     102
     120
      92
      96
     108
     116
     103
     114
     122
     115
      97
      90
      95
     113
     111
      91
      97
     121
      97
      94
     116
     118
     100
     103
      94
     109
      96
     126
     111
     103
     106
      94
     122
      96
     111
     111
      98
     104
     109
      84
     127
     112
     130
     131
     110
     103
     110
     127
     110
     112
      95
     112
     105
     118
     115
      87
     135
      97
     109
     110
      98
     117
     116
      90
     105
     120
     109
     113
     115
     116
     124
      93
     115
     127
     111
     116
     119
     118
     105
     103
     100
     119
     105
     111
     128
     149
     193
     187
     218
     190
     172
     156
     133
     144
     128
     114
     131
     110
     127
     104
     104
     106
     107
     131
     101
     133
     111
     136
     114
      96
     114
     121
     105
     118
     119
     128
     119
     107
      98
     104
     109
     121
      98
     121
     136
     103
     116
     130
      98
     128
     104
     119
     138
     110
     104
      90
     106
     122
      92
     130
     132
     118
     133
     129
     117
     109
     118
     120
     102
     122
     112
      93
     145
     127
     117
     112
     111
     134
     144
     109
     125
     129
     116
      98
     116
     101
     127
     133
     123
     115
     101
     122
     109
     110
     111
     123
     132
     139
     124
     119
     130
     121
     120
     119
     121
     140
     128
     111
     112
     118
     112
     119
     122
     133
     119
     103
     106
     137
     121
     119
     135
     123
     134
     137
     122
     106
     114
     129
     128
     118
     113
     135
     113
     134
     119
     129
     126
     105
     123
     130
     116
     125
     131
     105
     114
     129
     113
     107
     115
     102
     134
     113
     123
     123
     113
     138
     113
     111
     107
     111
     119
     114
      99
     108
     115
     122
     124
     100
     114
     108
     136
     109
     142
     146
     131
     123
     102
     121
     126
     126
     101
     102
     123
     120
     118
     126
     149
     122
     127
     111
     114
      85
      95
      92
      76
     118
     116
      96
      93
     105
      85
      84
      77
      85
      88
      93
      85
      84
      94
      99
      91
      85
     100
      92
      83
      98
      94
      78
     102
      92
      88
      80
      90
      88
      92
     104
      89
      81
      91
      93
      76
      99
      90
      82
     104
      85
      94
      83
      99
      97
     104
     116
      69
      89
      88
      84
      89
      82
      98
      79
      84
      84
      82
      83
     103
      93
     100
      96
      76
      78
      98
      90
      91
      94
      97
      89
      87
      88
      90
      92
      84
      92
      86
     103
      91
      75
      96
     108
      75
      87
      73
      86
     113
      93
      88
      74
      93
      92
      83
      76
      88
      81
      77
      82
     102
      89
      78
      78
      98
      78
      89
      76
      89
     107
      80
      89
      66
      83
      90
     101
     100
      76
      68
      91
      90
     100
      78
      71
      80
      78
      81
      72
      98
     102
      62
      84
      90
      82
      78
      89
      88
      78
      83
      88
      87
      81
      83
      88
      70
      75
      81
      83
      93
      86
      84
      83
     100
      84
      75
      70
      85
      87
      78
      85
      73
      79
      94
      95
      66
      77
      69
      83
      92
      81
      66
      82
      84
      81
      90
      97
      76
      86
      76
     104
      70
      74
      76
      63
      86
      83
      85
      79
      78
     100
      95
      69
      92
      88
      92
      79
      93
      71
      72
      76
      84
      87
      70
      82
      65
      83
      75
      83
      76
      88
      78
      87
      79
      76
      74
      71
      89
      85
      71
      72
      73
     103
      94
      83
      69
      79
      81
      87
      83
      84
      75
      89
      82
      93
      84
      75
      73
      70
      63
      77
      91
      74
      96
      84
      73
      74
      66
      92
      76
      80
      82
      61
      84
      65
      75
      84
      93
      70
      71
      70
      74
      99
      67
      75
      92
      75
      71
      81
      86
      77
      84
      76
      76
      90
      72
      75
      74
      71
      89
      72
      71
      84
      71
      84
      70
      79
      71
      90
      80
      72
      81
      66
      81
      67
      81
      80
      65
      85
      87
      87
      82
      73
      79
      71
      77
      77
      71
      79
      79
      89
      81
      88
      80
      82
      86
     103
      73
      88
      78
      88
      82
      56
      81
      83
      79
      69
      83
      78
      95
      71
      81
      87
      87
      86
      88
      78
      85
      92
      63
      85
      85
      75
      72
      91
      90
      89
      76
      79
      92
      69
      83
      71
      79
      74
      79
      89
      73
      73
      89
      77
      85
      74
      89
      69
      87
      86
      84
      65
      92
      94
      86
      82
      82
      67
      72
      75
      69
      94
      83
      85
     112
      76
      85
      89
      89
      93
      85
      78
      81
      98
      91
      87
      72
      68
      81
      80
      89
      81
      72
      77
      63
      68
      83
      91
      88
      66
      77
      82
      91
      70
      92
      84
      73
      88
      79
      79
      92
      74
      85
      87
      99
      83
      85
      88
      85
      83
      85
      76
      76
      88
      88
      76
      88
      77
      89
      73
      84
      70
      79
      67
      80
      72
      72
      65
      69
      81
      68
      62
      49
      67
      77
      77
      72
      75
      97
     119
     109
     106
     113
     112
      84
      67
      57
      63
      54
      60
      56
      69
      46
      59
      43
      71
      40
      54
      52
      54
      64
      66
      65
      56
      44
      57
      47
      51
      54
      37
      61
      46
      58
      57
      50
      55
      49
      46
      56
      57
      52
      60
      40
      64
      66
      58
      57
      62
      54
      56
      50
      62
      44
      51
      35
      66
      57
      63
      51
      45
      44
      48
      63
      47
      48
      53
      43
      40
      50
      67
      62
      49
      41
      52
      46
      49
      39
      47
      56
      41
      63
      65
      59
      38
      61
      64
      47
      42
      48
      48
      43
      47
      54
      42
      49
      53
      59
      40
      45
      62
      38
      46
      43
      53
      52
      45
      52
      51
      57
      36
      55
      41
      49
      41
      44
      51
      40
      42
      46
      48
      46
      43
      48
      51
      44
      49
      45
      55
      47
      42
      39
      45
      40
      50
      47
      35
      44
      37
      46
      43
      43
      40
      52
      39
      53
      28
      38
      38
      57
      44
      43
      47
      40
      51
      59
      65
     109
     191
     453
     782
    1255
    1939
    2436
    2566
    2351
    1852
    1281
     787
     437
     186
     101
      71
      45
      58
      40
      36
      54
      42
      45
      55
      46
      39
      50
      36
      38
      43
      41
      37
      41
      42
      35
      40
      38
      30
      38
      43
      38
      37
      34
      37
      29
      33
      43
      38
      35
      32
      31
      28
      24
      36
      38
      32
      45
      47
      35
      37
      38
      31
      37
      33
      35
      35
      44
      29
      38
      24
      38
      27
      32
      26
      30
      25
      28
      30
      42
      38
      43
      28
      35
      37
      27
      27
      35
      36
      25
      30
      27
      32
      34
      32
      29
      31
      27
      34
      37
      34
      32
      38
      31
      33
      32
      24
      21
      34
      30
      25
      24
      25
      30
      20
      37
      33
      29
      30
      34
      18
      34
      36
      41
      27
      31
      21
      36
      19
      30
      33
      34
      26
      25
      32
      34
      35
      30
      18
      31
      26
      23
      17
      22
      17
      21
      30
      24
      27
      31
      32
      34
      26
      31
      30
      31
      21
      28
      17
      32
      19
      26
      19
      36
      24
      22
      31
      29
      24
      19
      22
      27
      22
      20
      38
      21
      19
      30
      27
      19
      25
      28
      22
      26
      24
      24
      26
      22
      28
      19
      16
      14
      29
      29
      27
      24
      26
      29
      15
      23
      25
      25
      30
      23
      34
      49
      45
      44
      40
      36
      35
      28
      28
      30
      29
      11
      16
      26
      31
      17
      17
      17
      18
      25
      24
      17
      20
      20
      14
      10
      24
      14
      19
      22
      16
      15
      21
      18
      24
      20
      21
      17
      26
      12
      17
      16
      22
      11
      12
      20
      14
      16
      15
      20
      25
      22
      16
      11
      14
      10
      25
      17
      19
      18
      24
      10
      17
      17
      18
      24
      12
      19
      22
      18
      19
      11
      15
      19
      23
      18
      16
      22
      18
      18
      16
      16
      15
      17
      15
      19
      18
      14
      20
      14
      17
      19
      14
      14
      17
      20
      16
      21
      16
      20
      25
      15
      21
      20
      13
      17
      18
      19
      12
      12
      20
      10
      20
      12
      12
      28
      13
      23
      15
      16
      20
      19
      14
      20
      14
      22
      12
      22
      14
      17
      17
      14
      14
      21
      16
      30
      19
      21
      22
      13
      11
      17
      17
      18
      15
      10
      15
      13
      17
      17
      22
      16
      21
      16
      14
      16
      18
      16
      24
      13
      20
      15
      14
      14
      16
      12
      13
      15
      14
      11
      18
      18
      12
      14
      11
      14
      23
      20
      13
      10
      11
      11
      12
      11
      16
      11
      25
      11
      15
      13
      15
      19
      12
       7
      19
      16
      11
      11
      13
      12
      17
      16
       9
      15
      16
      15
      12
      12
      18
      14
       8
      14
       9
      14
      10
       9
      15
      22
      15
       7
      10
      11
      17
      10
      25
      17
      18
      13
      18
       9
      12
      19
      12
      12
      12
      12
       9
      15
       7
      22
       8
      23
      15
      13
      15
      14
      15
      15
      15
      16
      16
      11
      11
       6
      14
      12
      14
      13
      23
      15
      15
      15
      16
       4
      11
      18
      16
      14
      14
      12
      17
      14
      10
      14
      19
      16
      15
      14
      14
      10
      13
      11
      15
      23
      29
      26
      79
     180
     373
     784
    1209
    1804
    2057
    2252
    2024
    1611
    1142
     706
     348
     190
      72
      47
      15
      18
      21
      14
      19
       9
       7
       9
       9
      10
      12
       6
       5
      11
      10
       8
       7
       6
      12
      10
       2
      12
      11
       7
       8
       6
       7
       4
       8
       8
      13
       7
       5
       8
       3
       8
      10
      11
      10
       7
      10
      10
       4
       6
       4
       8
      11
       8
       8
      10
      12
      11
       9
       9
      10
      12
      11
       7
       5
       7
       4
       4
      13
       7
      10
      12
       8
       7
      11
       5
       8
       7
       2
       4
       7
       8
       1
       9
       6
       5
       8
       6
       9
       9
       8
      13
      10
       2
       7
       5
       8
       9
       3
       2
       9
       8
      10
       4
       5
       8
       4
       7
       6
       9
       7
       6
       8
       5
       5
       5
       8
       5
       3
       5
       7
       7
       6
      11
       6
       9
       3
       2
       2
       8
       8
      11
      12
      14
      17
      24
      21
      18
      17
      12
       9
      10
       9
       2
       5
      10
      10
       5
       9
       5
       9
       7
       5
       4
       9
      10
      13
       8
       9
      12
       9
       8
       9
      10
       7
       8
       6
       5
       6
       6
       9
       7
       6
       8
      11
       5
      10
       7
       3
       4
       8
       6
       7
       8
       8
       6
       4
       5
       9
      14
       8
       9
       5
       6
       5
       6
       9
       4
       9
       6
       4
       3
       2
       6
      12
       4
      11
       9
      12
      10
      16
      13
       7
       8
       7
       6
       6
       3
      10
      10
       7
       8
       5
       3
       6
      14
       6
      10
      15
      19
      11
      12
       6
       6
       8
       6
       5
       4
       4
       5
      13
       4
       7
       7
       9
       5
      10
       4
       5
       6
       4
       5
       8
       7
       5
       5
      10
       6
       5
       2
       3
       7
       1
       6
      10
       7
       7
       8
       9
       6
       6
       1
       3
       5
       7
       8
       5
       4
      10
       7
       3
       8
       8
       9
       4
       7
      10
       7
       7
      10
       6
      10
       9
       6
       9
      11
       4
       7
       3
       4
       6
       5
       8
       4
       6
       0
       5
       5
      12
       2
       6
      10
       7
       6
       5
       5
       5
       4
       3
       3
       9
       7
       6
       7
       6
      11
       7
      10
      10
       7
       7
       6
       5
       6
       7
       8
       3
       3
      18
       7
       2
       6
       5
      11
       5
       8
       5
       7
       3
      12
       5
       7
       3
       7
       7
       3
       7
      12
       7
      10
       6
       5
       5
       7
       3
       7
       6
       3
       8
       4
       3
       5
       6
       4
       7
      10
      11
       6
       9
      10
       8
       6
      12
      10
      17
      29
      63
     110
     186
     225
     299
     327
     270
     207
     160
      93
      59
      28
      14
       6
       3
       8
       6
       3
       6
       7
       3
       5
       5
       6
       3
       7
       6
       6
       3
       3
       6
       7
       5
       6
       2
       4
       9
      10
       6
       1
       4
       2
       3
       4
       4
       5
       8
       3
       3
       5
       5
       9
       3
       5
       5
       3
       4
       5
       2
       6
       2
       9
       6
       7
       7
       2
       8
       3
       4
       4
       1
       4
       3
       4
       2
       7
       8
       3
       1
       6
       6
       3
       0
       9
       4
       4
       4
       2
       4
       4
      10
       6
       5
       4
       4
       5
       6
       6
       4
       1
       2
       6
       5
       1
       5
       4
       4
       7
       7
       6
       5
       9
       9
      10
       7
       9
       3
       5
       7
       6
       2
       7
       7
       3
       5
       1
       4
       2
       3
       3
       5
       5
       6
       4
       7
       4
       5
       4
       3
       4
       3
       2
       6
       5
       6
       4
      11
       7
       4
       7
      15
      10
      14
      10
      13
       7
      15
       6
       8
       4
       4
       3
       4
       5
       4
       4
       5
       5
       3
       6
       5
       7
       3
       5
       5
       5
       2
       6
       5
       6
       5
       4
       2
       5
       8
       5
       7
       5
       2
       8
       1
      10
       6
       4
       3
       6
       4
       4
       5
       5
       7
       5
       8
       7
       6
       2
       3
       2
       4
       2
       2
       7
       6
       7
       4
       3
       3
       1
       2
       4
       3
       7
       4
      12
       5
       4
       3
       6
       4
       2
       5
       3
       4
       4
       5
       3
       4
       4
       7
       3
       5
      12
       5
       7
       8
       4
       4
       4
       3
       6
       3
       5
       1
       5
       7
       6
       7
       4
       5
       3
       6
       2
       4
       5
       2
       5
       3
       3
       7
       2
       5
       4
       5
       4
       0
       5
       9
       4
       1
       4
       5
       6
       3
       5
       6
       5
       2
       2
       3
       8
       4
       0
       4
       2
       3
       4
       2
       8
       2
       5
       6
       3
       4
       4
       4
       4
       4
       4
       1
       1
       3
       2
       4
       5
       2
       2
       2
       4
       5
       2
       4
       1
       5
       5
       3
       6
       2
       3
       5
       5
       5
       2
       1
       5
       6
       5
       1
       7
       3
       4
       3
       3
       3
       6
       2
       3
       2
       3
       2
       4
       7
       3
       2
       3
       3
       1
       3
       2
       4
       3
       4
       4
       0
       4
       5
       4
       3
       6
       5
       5
       6
       3
       5
       4
       5
       5
       5
       6
       6
       9
       4
       3
       7
       5
       5
       6
       4
       0
       2
       3
       5
       3
       8
       6
       7
      14
       8
      14
      12
      10
       1
       6
       2
       8
       5
       8
      15
       8
      23
      19
      23
      16
      16
       8
       8
       7
       7
       8
       8
       7
       6
       3
       5
       2
       3
       2
       3
       3
       1
       3
       2
       5
       7
       1
       5
       6
       4
       8
       8
       4
       7
       6
       1
       2
       2
       2
       5
       7
       3
       3
       4
       7
       4
       3
       4
       3
       4
       8
       4
       3
       5
       5
       1
       4
       3
       2
       5
       7
       3
       4
       2
       7
       2
       6
       6
       6
       2
       3
       6
       6
       2
       3
       4
       4
       1
       5
       2
       6
       1
       4
       1
       6
       6
       8
       3
       8
      10
       5
       4
       4
       5
       6
       8
       4
       2
       1
       4
       3
       6
       3
       7
       5
       2
       4
       3
       1
       4
       0
       6
       3
       2
       4
       4
       7
       3
       7
      12
       8
       7
       5
       7
       5
       3
       3
       3
       3
       6
       3
       4
       4
       4
       4
       3
       3
       7
       0
       3
       3
       9
       4
       2
       4
       1
       4
       3
       1
       7
       5
       4
       1
       4
       2
       6
       5
       3
       0
       2
       1
       7
       4
       1
       4
       4
       5
       6
       4
       4
       2
       4
       1
       5
       1
       4
       2
       0
       1
       2
       1
       4
       2
       4
       2
       3
       3
       4
       1
       0
       2
       4
       2
       3
       4
       3
       2
       3
       2
       0
       6
       3
       3
       4
       3
       5
       4
       4
       4
       9
       2
       8
       9
      10
       8
       5
       8
       2
       5
       3
       6
       2
       4
       2
       5
       2
       2
       2
       5
       3
       8
       6
       1
       2
       4
       2
       4
       3
       4
       1
       2
       3
       1
       3
       4
       4
       4
       0
       4
       2
       5
       5
       6
       3
       1
       2
       2
       4
       3
       4
       4
       4
       5
       4
       4
       2
       1
       4
       0
       1
       3
       2
       1
       3
       4
       4
       1
       2
       0
       5
       1
       2
       4
       5
       0
       1
       2
       2
       5
       6
       2
       0
       2
       4
       1
       1
       6
       2
       5
       3
       0
       6
       7
       4
       6
       5
       3
       1
       4
       3
       9
       5
       2
       4
       4
       2
       4
       4
       3
       5
       1
       3
       1
       3
       6
       0
       6
       4
       2
       2
       2
       5
       2
       0
       2
       1
       3
       5
       1
       4
       1
       4
       2
       2
       3
       1
       1
       6
       1
       2
       3
       3
       1
       5
       5
       2
       3
       2
       4
       5
       3
       0
       3
       4
       5
       1
       2
       5
       2
       2
       2
       4
       4
       1
       0
       2
       2
       3
       3
       1
       2
       2
       6
       2
       4
       3
       1
       2
       1
       2
       2
       4
       8
       3
       2
       3
       4
       3
       2
       2
       4
       2
       3
       4
       2
       6
       1
       4
       0
       3
       4
       2
       3
       2
       5
       6
       4
       3
       4
      10
      10
       4
      11
      13
      11
      13
       4
       3
       4
       3
       4
       2
       2
       2
       0
       2
       1
       3
       2
       1
       7
       3
       4
       4
       4
       0
       1
       2
       2
       1
       3
       1
       2
       1
       3
       5
       1
       6
       1
       0
       4
       3
       2
       1
       6
       4
       2
       6
       2
       6
       3
       4
       0
       2
       3
       4
       2
       3
       2
       4
       4
       3
       1
       2
       3
       4
       5
       1
       1
       3
       0
       2
       6
       4
       3
       1
       2
       0
       2
       0
       0
       1
       5
       2
       1
       6
       6
       3
       6
       3
       3
       3
       4
       1
       1
       7
       5
       2
       4
       2
       3
       5
       5
       2
       9
      18
      16
      24
      35
      47
      47
      43
      37
      30
      15
      11
       7
       9
       3
       6
       0
       3
       1
       2
       0
       5
       3
       3
       4
       1
       1
       3
       3
       1
       0
       2
       1
       2
       4
       1
       1
       2
       2
       4
       4
       4
       4
       3
       2
       2
       1
       1
       4
       0
       2
       3
       2
       2
       1
       1
       3
       5
       2
       3
       2
       3
       2
       4
       3
       2
       0
       7
       4
       6
       4
       2
       1
       5
       5
       3
       2
       5
       1
       8
       2
       5
       2
       3
       1
       1
       3
       3
       1
       3
       0
       4
       2
       1
       3
       7
       2
       5
       0
       1
       2
       2
       0
       3
       1
       3
       1
       2
       6
       4
       4
       2
       4
       1
       3
       0
       1
       5
       2
       4
       3
       3
       3
       1
       3
       6
       0
       2
       4
       1
       1
       2
       0
       3
       3
       4
       1
       7
       2
       1
       2
       1
       3
       8
       1
       2
       1
       3
       1
       2
       3
       2
       1
       7
       5
       2
       3
       3
       0
       3
       1
       3
       4
       3
       4
       4
       3
       2
       2
       3
       2
       2
       4
       5
       1
       1
       6
       3
       1
       3
       2
       2
       1
       2
       0
       3
       4
       3
       0
       8
       3
       2
       2
       5
       2
       5
       2
       0
       0
       1
       4
       2
       4
       5
       1
       2
       4
       5
       0
       1
       1
       3
       4
       2
       2
       4
       2
       2
       2
       5
       0
       2
       5
       4
       2
       2
       4
       2
       0
       1
       4
       1
       3
       0
       5
       2
       4
       4
       4
       3
       3
       3
       3
       3
       1
       7
       4
       2
       1
       1
       3
       6
       3
       2
       2
       7
       5
       5
       8
       8
       8
       7
       7
       8
       4
       3
       7
       3
       2
       0
       4
       2
       4
       4
       1
       4
       3
       3
       0
       2
       1
       4
       1
       1
       3
       3
       4
       4
       0
       3
       6
       8
       1
       1
       2
       1
       5
       3
       3
       3
       5
       1
       1
       3
       4
       0
       1
       5
       3
       4
       3
       0
       3
       2
       1
       1
       1
       1
       2
       4
       3
       2
       3
       1
       3
       2
       2
       3
       4
       2
       8
       7
       4
       2
       4
       3
       6
       1
       1
       3
       4
       5
       0
       2
       1
       3
       2
       3
       4
       1
       2
       6
       3
       3
       2
       3
       3
       1
       3
       1
       2
       1
       1
       3
       6
       0
       5
       3
       7
       1
       3
       2
       3
       3
       3
       1
       3
       4
       1
      10
       3
       3
       1
       6
       1
       6
       2
       0
       3
       3
       4
       3
       6
       1
       1
       2
       0
       6
       5
       3
       2
       2
       5
       4
       1
       2
       5
       1
       2
       2
       3
       3
       0
       0
       1
       4
       3
       4
       1
       3
       2
       4
       4
       3
       2
       0
       4
       1
       1
       5
       2
       4
       3
       2
       1
       2
       1
       1
       2
       7
       0
       4
       2
       5
       0
       1
       3
       3
       3
       2
       3
       0
       3
       0
       1
       3
       2
       2
       2
       2
       1
       4
       3
       3
       0
       1
       2
       3
       5
       0
       1
       4
       4
       1
       2
       1
       0
       0
       3
       2
       3
       5
       2
       1
       2
       3
       2
       4
       3
       3
       1
       0
       1
       5
       2
       1
       3
       1
       6
       1
       6
       1
       1
       1
       2
       5
       4
       3
       2
       2
       2
       3
       4
       3
       3
       0
       5
       0
       4
       0
       5
       4
       0
       2
       2
       1
       2
       2
       3
       3
       0
       4
       5
       1
       2
       8
       2
       3
       4
       5
       5
       4
       3
       1
       3
       3
       3
       1
       4
       2
       0
       2
       1
       1
       5
       3
       4
       1
       2
       2
       2
       4
       3
       3
       3
       3
       2
       2
       3
       1
       4
       3
       4
       3
       7
       5
       1
       2
       2
       1
       4
       5
       2
       1
       1
       1
       3
       2
       1
       1
       0
       6
       7
       2
       5
       0
       3
       8
       3
       4
       0
       1
       2
       4
       1
       3
       1
       4
       2
       1
       3
       3
       1
       0
       0
       3
       4
       2
       0
       3
       4
       1
       3
       1
       3
       5
       2
       5
       6
       3
       3
       3
       1
       1
       1
       1
       0
       0
       6
       2
       2
       5
       0
       2
       1
       4
       6
       4
       5
       3
       2
       1
       3
       1
       3
       1
       0
       1
       3
       1
       1
       3
       3
       1
       0
       4
       3
       2
       1
       1
       1
       1
       3
       2
       3
       0
       1
       2
       2
       4
       2
       3
       5
       4
       1
       2
       2
       6
       0
       2
       2
       3
       1
       2
       2
       1
       3
       3
       5
       1
       3
       3
       4
       4
       2
       2
       2
       2
       7
       4
       2
       6
       4
       2
       0
       5
       2
       2
       4
       0
       1
       4
       3
       3
       6
       2
       2
       2
       2
       3
       4
       0
       1
       3
       1
       1
       3
       2
       1
       2
       2
       1
       3
       3
       2
       2
       2
       2
       2
       3
       1
       3
       1
       3
       2
       0
       3
       5
       5
       0
       2
       3
       5
       2
       8
       1
       1
       1
       4
       4
       1
       1
       2
       4
       5
       2
       3
       2
       6
       1
       1
       2
       2
       6
       2
       3
       2
       4
       6
       1
       2
       3
       0
       2
       1
       3
       2
       1
       1
       3
       1
       5
       3
       2
       1
       4
       5
       1
       2
       1
       2
       4
       3
       1
       3
       1
       0
       3
       1
       3
       4
       1
       4
       2
       0
       5
       3
       0
       1
       0
       3
       0
       4
       2
       4
       6
       1
       4
       2
       0
       2
       4
       0
       4
       0
       4
       4
       2
       4
       1
       1
       3
       2
       3
       2
       0
       1
       0
       4
       2
       2
       1
       0
       3
       1
       2
       0
       1
       3
       0
       1
       6
       3
       1
       5
       2
       3
       2
       2
       3
       2
       1
       2
       2
       3
       2
       4
       1
       2
       1
       5
       4
       2
       1
       2
       2
       2
       3
       2
       2
       0
       2
       3
       1
       1
       1
       2
       5
       4
       2
       2
       4
       1
       1
       2
       1
       0
       1
       0
       2
       1
       1
       0
       2
       2
       1
       5
       4
       1
       1
       2
       2
       2
       1
       2
       3
       2
       1
       0
       0
       4
       4
       0
       3
       1
       1
       3
       3
       1
       4
       0
       3
       2
       3
       2
       1
       0
       1
       5
       2
       1
       1
       2
       3
       0
       2
       0
       0
       0
       1
       0
       3
       2
       4
       1
       1
       0
       2
       1
       2
       3
       2
       0
       4
       1
       0
       1
       3
       2
       3
       3
       2
       0
       3
       0
       1
       1
       1
       0
       1
       1
       1
       3
       1
       5
       2
       1
       1
       2
       5
       2
       2
       3
       4
       2
       1
       2
       1
       0
       1
       0
       2
       2
       1
       2
       2
       4
       3
       3
       1
       2
       0
       1
       1
       4
       4
       4
       4
       2
       1
       7
       4
       6
       5
       3
       8
      10
      12
      10
       9
      10
       7
       4
       2
       3
       0
       3
       2
       2
       2
       3
       1
       0
       0
       4
       3
       1
       3
       4
       1
       1
       4
       3
       4
       2
       3
       0
       3
       1
       5
       2
       3
       1
       0
       1
       2
       1
       5
       3
       0
       4
       3
       8
       6
       1
       3
       4
       4
       2
       0
       0
       2
       0
       4
       2
       1
       4
       1
       0
       2
       1
       2
       4
       0
       0
       3
       3
       2
       4
       2
       1
       1
       4
       2
       1
       0
       5
       8
       4
       4
       2
       2
       0
       1
       1
       2
       3
       5
       2
       4
       0
       3
       0
       0
       3
       1
       1
       0
       0
       3
       2
       0
       3
       1
       2
       5
       2
       0
       2
       2
       2
       1
       1
       3
       2
       1
       4
       2
       0
       3
       1
       2
       5
       0
       1
       0
       1
       4
       2
       0
       3
       4
       1
       0
       2
       3
       2
       3
       1
       1
       1
       3
       1
       0
       2
       1
       0
       3
       2
       2
       2
       2
       1
       1
       3
       2
       1
       1
       1
       1
       1
       2
       1
       3
       1
       3
       1
       2
       0
       3
       4
       2
       2
       4
       2
       1
       0
       4
       2
       1
       2
       2
       3
       2
       1
       3
       2
       2
       4
       4
       1
       4
       3
       0
       2
       2
       1
       0
       3
       3
       2
       2
       2
       3
       3
       2
       5
       2
       0
       3
       1
       2
       2
       2
       0
       3
       4
       4
       0
       1
       2
       5
       1
       2
       3
       1
       2
       3
       0
       2
       2
       4
       3
       0
       1
       3
       1
       4
       1
       0
       3
       0
       0
       1
       2
       3
       1
       4
       2
       0
       2
       1
       1
       3
       3
       0
       1
       2
       2
       1
       0
       0
       1
       2
       0
       1
       2
       2
       1
       3
       2
       1
       2
       3
       2
       2
       1
       1
       1
       5
       6
       1
       1
       2
       3
       4
       2
       1
       1
       2
       5
       2
       1
       3
       4
       4
       2
       4
       4
       2
       5
       6
       7
       7
      11
      14
      11
       9
       8
      10
       3
       3
       5
       2
       2
       2
       1
       2
       2
       2
       4
       5
       2
       1
       1
       2
       4
       1
       1
       0
       2
       2
       2
       2
       0
       1
       0
       1
       3
       2
       0
       2
       1
       2
       1
       3
       2
       5
       3
       3
       5
       2
       2
       0
       0
       1
       1
       0
       1
       2
       4
       4
       6
       3
       1
       0
       0
       0
       1
       5
       1
       1
       4
       2
       5
       1
       3
       1
       2
       1
       2
       2
       3
       2
       0
       3
       2
       3
       2
       0
       1
       1
       2
       1
       2
       1
       3
       3
       1
       2
       5
       2
       0
       1
       4
       0
       1
       2
       1
       0
       1
       1
       3
       3
       0
       2
       1
       2
       3
       3
       0
       2
       2
       5
       5
       0
       2
       1
       1
       3
       2
       1
       0
       1
       3
       1
       3
       2
       4
       2
       4
       2
       0
       3
       1
       1
       3
       3
       3
       5
       1
       2
       2
       0
       2
       4
       0
       3
       2
       2
       1
       2
       1
       2
       2
       1
       0
       2
       2
       1
       0
       2
       1
       2
       1
       0
       1
       2
       2
       5
       2
       3
       3
       2
       2
       5
       2
       4
       6
       2
       3
       0
       3
       1
       2
       0
       3
       3
       2
       1
       2
       3
       0
       3
       1
       3
       1
       3
       4
       5
       2
       3
       1
       3
       0
       3
       5
       0
       2
       0
       3
       2
       3
       1
       2
       1
       3
       1
       3
       1
       2
       2
       2
       3
       2
       2
       3
       1
       2
       1
       6
       2
       1
       1
       4
       3
       1
       2
       4
       1
       5
       1
       3
       3
       1
       0
       3
       3
       3
       4
       3
       2
       2
       3
       3
       6
       0
       2
       5
       0
       0
       3
       2
       2
       3
       1
       1
       1
       1
       2
       4
       4
       4
       2
       0
       3
       4
       2
       1
       2
       3
       7
       3
       1
       2
       4
       1
       4
       3
       5
       2
       0
       4
       2
       2
       4
       3
       5
       2
       4
       2
       2
       2
       2
       3
       2
       2
       3
       3
       0
       1
       4
       2
       3
       3
       0
       2
       3
       2
       1
       5
       0
       1
       3
       1
       4
       0
       1
       0
       6
       2
       1
       3
       2
       2
       4
       2
       2
       3
       1
       1
       4
       4
       3
       5
       2
       2
       3
       4
       1
       0
       5
       5
       1
       2
       4
       4
       1
       1
       0
       4
       3
       2
       1
       1
       2
       3
       1
       1
       4
       1
       4
       6
       2
       1
       3
       5
       2
       1
       1
       3
       2
       2
       2
       3
       0
       3
       4
       2
       2
       4
       3
       3
       0
       2
       3
       2
       0
       3
       2
       2
       1
       3
       0
       3
       1
       2
       4
       3
       2
       0
       1
       5
       3
       4
       1
       3
       0
       0
       2
       3
       2
       2
       5
       2
       0
       1
       0
       4
       0
       4
       2
       2
       1
       1
       3
       4
       2
       1
       6
       4
       2
       3
       1
       1
       2
       4
       2
       1
       2
       0
       2
       1
       4
       0
       3
       2
       2
       2
       4
       2
       4
       0
       2
       0
       0
       2
       3
       3
       4
       3
       1
       2
       2
       2
       3
       3
       3
       1
       1
       5
       4
       4
       2
       1
       5
       4
       2
       1
       1
       1
       7
       1
       1
       3
       2
       3
       0
       4
       2
       4
       2
       2
       2
       1
       5
       4
       5
       1
       0
       6
       5
       3
       4
       0
       5
       2
       2
       1
       2
       3
       3
       2
       2
       1
       2
       6
       2
       3
       3
       2
       0
       2
       3
       2
       2
       2
       3
       3
       1
       2
       1
       2
       2
       2
       2
       0
       3
       1
       3
       1
       4
       2
       3
       2
       1
       0
       2
       4
       1
       0
       2
       5
       0
       0
       1
       1
       1
       2
       1
       1
       1
       1
       1
       1
       0
       4
       1
       2
       1
       1
       1
       2
       1
       2
       3
       4
       3
       1
       5
       0
       4
       1
       2
       2
       1
       3
       4
       3
       0
       4
       1
       3
       1
       0
       3
       0
       1
       0
       1
       3
       2
       1
       1
       1
       3
       1
       4
       0
       0
       2
       3
       1
       0
       1
       2
       1
       0
       0
       1
       1
       1
       4
       3
       2
       2
       1
       1
       2
       3
       0
       3
       1
       2
       4
       1
       0
       0
       3
       1
       3
       1
       0
       3
       1
       0
       0
       2
       2
       0
       0
       4
       2
       1
       2
       3
       1
       0
       3
       1
       1
       1
       2
       0
       0
       2
       2
       0
       0
       1
       4
       1
       1
       0
       2
       1
       1
       1
       0
       0
       1
       1
       2
       0
       1
       0
       1
       3
       1
       2
       1
       0
       1
       1
       0
       1
       2
       0
       0
       1
       1
       1
       0
       0
       0
       0
       1
       2
       1
       1
       4
       0
       0
       0
       2
       0
       1
       3
       4
       2
       0
       2
       1
       1
       1
       0
       2
       1
       2
       1
       4
       4
       4
       6
       5
       4
       5
       6
       3
       3
       2
       0
       3
       2
       0
       0
       0
       1
       1
       0
       0
       0
       1
       1
       1
       0
       0
       1
       1
       0
       1
       2
       1
       1
       0
       3
       0
       1
       1
       1
       1
       0
       2
       1
       0
       0
       1
       4
       0
       1
       1
       1
       0
       0
       0
       0
       2
       2
       1
       0
       1
       3
       0
       0
       1
       2
       1
       0
       0
       0
       3
       0
       2
       1
       1
       0
       1
       0
       0
       1
       0
       0
       0
       0
       0
       2
       0
       0
       0
       1
       1
       1
       2
       2
       0
       1
       2
       0
       0
       0
       0
       0
       0
       0
       0
       0
       0
       0
       0
       1
       0
       1
       1
       1
       0
       1
       1
       0
       1
       2
       0
       2
       0
       0
       0
       0
       0
       0
       0
       0
       0
       0
       0
       0
       0
       1
       1
       2
       0
       0
       0
       0
       0
       0
       0
       1
       1
       0
       0
       0
       0
       0
       0
       3
       0
       0
       0
       0
       1
       0
       1
       1
       0
       1
       2
       0
       0
       0
       2
       2
       0
       0
       0
       0
       1
       2
       1
       0
       2
       3
       0
       0
       0
       2
       0
       3
       0
       0
       0
       1
       0
       0
       0
       0
       1
       0
       1
       0
       0
       0
       0
       0
       0
       0
       1
       1
       0
       0
       1
       0
       0
       1
       1
       2
       1
       0
       0
       0
       0
       1
       0
       0
       0
       1
       0
       0
       0
       0
       0
       0
       0
       0
       0
       0
       1
       0
       1
       1
       1
       0
       1
       0
       0
       1
       0
       0
       0
       1
       2
       0
       0
       2
       0
       0
       2
       0
       0
       1
       1
       0
       1
       0
       2
       0
       0
       0
       0
       2
       0
       1
       0
       0
       0
       0
       1
       1
       0
       0
       1
       0
       0
       0
       1
       2
       0
       3
       0
       2
       0
       0
       0
       1
       0
       0
       0
       1
       1
       0
       0
       0
       0
       0
       0
       0
       1
       1
       0
       1
       0
       1
       1
       0
       0
       0
       0
       0
       0
       2
       1
       0
       0
       1
       0
       0
       0
       2
       0
       0
       0
       0
       1
       0
       0
       0
       0
       0
       0
       1
       0
       3
       0
       0
       0
       1
       1
       0
       0
       2
       0
       0
       0
       0
       1
       0
       0
       0
       1
       0
       1
       1
       0
       1
       1
       0
       1
       1
       2
       0
       0
       0
       0
       0
       0
       0
       0
       0
       0
       0
       1
       0
       0
       0
       2
       0
       1
       1
       0
       0
       0
       0
       0
       1
       0
       1
       1
       0
       0
       0
       0
       0
       0
       1
       0
       0
       0
       0
       1
       2
       0
       0
       0
       1
       0
       1
       0
       1
       0
       1
       0
       1
       1
       0
       0
       0
       0
       1
       2
       0
       0
       0
       0
       1
       0
       1
       0
       0
       0
       0
       0
       0
       0
       0
       0
       0
       0
       0
       0
       0
       0
       0
       1
       0
       0
       0
       0
       0
       0
       0
       0
       0
       0
       0
       1
       0
       0
       1
       0
       0
       0
       0
       0
       0
       0
       0
       0
       1
       0
       1
       0
       0
       0
       0
       0
       1
       2
       0
       0
       0
       0
       1
       0
       0
       0
       0
       0
       0
       0
       0
       1
       1
       0
       0
       0
       0
       0
       2
       3
       9
       6
      11
      16
      23
      38
      59
      56
      52
      62
      67
      44
      34
      21
      14
       8
       4
       5
       1
       0
       0
       0
       0
       0
       2
       1
       0
       0
       0
       0
       0
       0
       0
       0
       0
       0
       0
       1
       0
       0
       0
       0
       0
       0
       1
       0
       2
       0
       0
       1
       0
       0
       0
       0
       0
       1
       0
       0
       0
       1
       0
       0
       0
       0
       0
       0
       0
       1
       2
       0
       0
       2
       1
       0
       0
       0
       1
       0
       0
       0
       1
       0
       1
       2
       0
       0
       0
       0
       1
       0
       0
       2
       0
       1
       1
       0
       0
       1
       0
       0
       1
       0
       1
       0
       1
       0
       0
       0
       0
       0
       0
       0
       0
       0
       0
       1
       0
       0
       0
       1
       0
       0
       0
       0
       0
       0
       0
       0
       0
       1
       2
       1
       1
       0
       1
       0
       0
       0
       0
       0
       0
       1
       0
       1
       0
       0
       0
       1
       1
       1
       2
       0
       1
       1
       0
       0
       0
       0
       0
       1
       0
       0
       1
       1
       0
       0
       0
       2
       0
       0
       0
       0
       0
       0
       0
       0
       0
       0
       0
       0
       1
       1
       0
       0
       1
       0
       1
       0
       0
       0
       0
       0
       0
       0
       0
       0
       0
       0
       0
       0
       0
       0
       0
       1
       0
       0
       0
       1
       0
     118
    1228
    1706
    1604
    1536
    1509
    1507
    1549
    1538
    1561
    1535
$ROI:
0
$PRESETS:
None
0
0
$ENER_FIT:
29.588329 2.085281
$MCA_CAL:
3
2.958833E+001 2.085281E+000 0.000000E+000
$SHAPE_CAL:
3
4.557019E+000 2.304741E-003 0.000000E+000
