$SPEC_ID:
No sample description was entered.
$SPEC_REM:
DET# 1
DETDESC# LABNUC-3DE8E8 MCB 25
AP# Maestro Version 7.01
$DATE_MEA:
01/01/2002 01:33:57
$MEAS_TIM:
421 429
$DATA:
0 1023
       5
       3
      13
      11
       4
       1
       0
       0
       0
      11
      13
       6
       1
       3
       2
       0
       6
    4136
    6138
    6318
    6465
    6394
    6307
    6470
    6487
    6385
    6269
    5954
    6006
    5741
    5735
    5552
    5309
    5250
    5141
    4946
    4963
    4737
    4681
    4591
    4419
    4412
    4351
    4264
    3946
    4000
    3857
    3652
    3518
    3518
    3203
    3191
    3047
    3066
    2966
    2839
    2675
    2638
    2522
    2597
    2495
    2435
    2439
    2267
    2232
    2239
    2031
    2074
    1982
    1916
    1890
    1835
    1858
    1714
    1725
    1672
    1606
    1634
    1554
    1563
    1455
    1545
    1450
    1440
    1403
    1345
    1421
    1446
    1327
    1314
    1302
    1309
    1246
    1294
    1227
    1174
    1186
    1241
    1275
    1202
    1133
    1218
    1159
    1182
    1174
    1228
    1142
    1089
    1148
    1102
    1071
    1113
    1123
    1094
    1075
    1139
    1098
    1066
    1120
    1032
     963
     929
     958
     917
     924
     957
     922
     950
     963
     875
     889
     878
     908
     916
     889
     926
     854
     876
     861
     894
     836
     872
     830
     854
     865
     822
     870
     859
     782
     846
     814
     867
     832
     819
     849
     857
     837
     783
     839
     827
     814
     910
     825
     806
     810
     800
     777
     814
     834
     783
     810
     796
     782
     791
     778
     771
     714
     708
     723
     696
     667
     624
     653
     630
     673
     589
     626
     604
     627
     644
     680
     652
     658
     662
     686
     760
     776
     827
     822
     863
     943
     974
    1121
    1042
    1194
    1249
    1334
    1297
    1389
    1440
    1498
    1481
    1498
    1606
    1507
    1443
    1377
    1386
    1330
    1316
    1261
    1175
    1174
    1125
    1078
    1097
    1018
     978
     964
     959
     994
     958
    1071
    1090
    1141
    1046
    1184
    1157
    1101
    1123
    1181
    1236
    1189
    1111
    1153
    1136
    1085
    1096
    1066
     992
     942
     929
     905
     877
     747
     741
     707
     663
     635
     553
     529
     554
     524
     474
     464
     435
     410
     377
     388
     411
     396
     332
     361
     325
     327
     327
     305
     312
     281
     296
     295
     282
     294
     269
     260
     254
     247
     237
     242
     259
     238
     225
     229
     232
     216
     263
     214
     208
     213
     231
     233
     210
     247
     239
     223
     228
     218
     217
     241
     228
     241
     220
     265
     233
     241
     221
     240
     252
     232
     216
     241
     243
     216
     257
     237
     220
     224
     246
     208
     220
     186
     222
     203
     232
     201
     209
     200
     188
     196
     188
     186
     188
     175
     187
     172
     156
     206
     161
     165
     153
     177
     159
     166
     164
     188
     166
     160
     191
     182
     192
     174
     193
     192
     192
     162
     167
     157
     181
     179
     168
     166
     159
     169
     179
     148
     156
     177
     149
     132
     155
     165
     149
     137
     135
     128
     131
     134
     138
     117
     115
     125
     135
     109
     138
     132
     105
     115
     125
     111
      96
     114
     114
     107
     106
     112
     104
      96
     100
      83
     103
      91
      90
     106
      85
      88
      73
      88
      72
      89
      90
      80
      73
      80
      72
      78
      77
      63
      44
      76
      71
      58
      70
      54
      78
      66
      59
      75
      83
      67
      69
      76
      79
      73
      90
      79
      79
      96
      80
      80
      87
      73
      64
      91
      80
      77
      79
      87
      93
      86
      89
      73
      77
      73
      79
      80
      85
      84
      79
      84
      66
      76
      74
      68
      56
      68
      66
      62
      66
      70
      52
      60
      57
      51
      46
      53
      45
      47
      54
      39
      41
      40
      52
      59
      44
      48
      44
      39
      44
      43
      49
      54
      51
      51
      58
      40
      60
      52
      56
      57
      66
      50
      46
      65
      76
      50
      63
      74
      65
      76
      85
      79
      77
      77
      77
      70
      60
      66
      57
      55
      70
      57
      57
      63
      59
      63
      49
      49
      58
      46
      52
      45
      36
      55
      37
      47
      33
      35
      47
      40
      35
      37
      30
      39
      32
      26
      23
      18
      25
      18
      28
      25
      28
      33
      26
      30
      20
      21
      21
      23
      24
      26
      34
      31
      21
      33
      29
      21
      20
      25
      21
      12
      19
      20
      13
      22
      19
      18
      21
      15
       9
      19
      15
      22
       9
      16
      13
       4
      12
      13
      17
      12
      11
       7
      11
      13
      14
       9
      12
       3
      13
       6
       7
       6
      13
       7
      14
       9
       6
      12
      12
       3
       5
      10
       8
      10
      10
      11
      11
       6
       8
      19
       5
      11
      11
       4
       7
       8
       9
      10
       8
       8
      12
       8
       9
      10
      10
      11
      10
      10
       9
       5
      10
       4
       7
       9
       4
       7
       7
       2
       6
       6
      11
       4
       5
       5
       5
       0
       8
       5
       7
       5
       5
       1
       7
       6
       2
       2
       4
       2
       6
       4
       3
       4
       4
       3
       3
       2
       3
       5
       6
       2
       1
       0
       2
       3
       5
       2
       5
       1
       2
       1
       1
       3
       1
       1
       4
       3
       1
       4
       0
       4
       0
       1
       3
       1
       1
       0
       0
       2
       1
       1
       5
       2
       0
       2
       1
       1
       1
       2
       2
       1
       1
       0
       2
       0
       1
       0
       0
       0
       2
       3
       2
       1
       5
       4
       2
       0
       2
       2
       0
       1
       0
       0
       0
       0
       1
       4
       2
       1
       1
       4
       1
       2
       2
       0
       0
       0
       0
       1
       1
       0
       3
       3
       0
       0
       0
       2
       2
       2
       2
       3
       0
       0
       5
       0
       0
       0
       0
       0
       3
       1
       3
       1
       0
       1
       1
       2
       0
       0
       0
       0
       2
       3
       1
       2
       0
       0
       0
       1
       0
       2
       1
       2
       0
       2
       3
       2
       1
       0
       2
       0
       3
       3
       0
       1
       1
       2
       4
       3
       1
       5
       2
       1
       1
       3
       4
       4
       4
       9
       8
       4
      10
       9
      20
      10
      16
      25
      22
      28
      37
      46
      41
      32
      39
      37
      45
      46
      37
      40
      34
      43
      36
      39
      34
      21
      32
      27
      27
      19
      19
      13
      15
      13
      16
      13
      10
       8
      11
       8
       7
      11
       6
       2
       8
       6
       5
       6
       5
       6
       8
       4
       2
       3
       5
       3
       4
       2
       6
       4
       8
       4
      11
       7
       6
       8
      11
       7
      13
      10
       7
      12
       8
       6
      11
      15
       8
       4
       7
       5
       8
       5
       5
       4
       4
       7
       6
       3
       2
       5
       1
       2
       1
       1
       0
       2
       0
       1
       1
       2
       0
       0
       0
       0
       0
       0
       0
       0
       1
       0
       0
       0
       0
       0
       0
       0
       0
       0
       0
       0
       0
       0
       0
       0
       0
       0
       2
       0
       0
       0
       0
       0
       0
       0
       0
       1
       0
       1
       0
       0
       0
       0
       0
       0
       0
       0
       0
       0
       0
       0
       0
       0
       0
       0
       0
       0
       0
       0
       0
       0
       0
       0
       0
       0
       0
       0
       0
       0
       0
       0
       0
       0
       0
       0
       1
       1
       1
       1
       1
       2
       1
       0
       2
       2
       6
$ROI:
1
192 229
$PRESETS:
None
0
0
$ENER_FIT:
0.000000 0.000000
$MCA_CAL:
3
0.000000E+000 0.000000E+000 0.000000E+000 
$SHAPE_CAL:
3
0.000000E+000 0.000000E+000 0.000000E+000
